 net1            i(VloutI)       i(VldumpI)      v(Vin)          v(Vgate)        v(d0)           i(vini)         i(vgatei)       v(vloutv)       v(vldumpv)      i(vout)         i(vdump)       
 0.00000000e+00 -1.68172080e-12  2.59372423e-06  3.61729446e-01  1.14302905e+00  1.14302905e+00  2.59373749e-06  6.57607302e-12  2.37145405e-01  2.37874595e-01  2.41568543e-10  2.54087387e-06 
 1.00000000e+00  2.65708387e-08  2.56715230e-06  3.61714185e-01  1.14302812e+00  1.49787748e-07  2.59373807e-06  6.48296798e-11  2.37173434e-01  2.37871672e-01  2.65990536e-08  2.51504395e-06 
 0.00000000e+00  4.65755931e-08  2.54714812e-06  3.61700219e-01  1.14302812e+00  1.14302811e+00  2.59373865e-06  6.48391167e-11  2.37193029e-01  2.37869450e-01  4.64309799e-08  2.49559610e-06 
 1.00000000e+00  6.95361822e-08  2.52418800e-06  3.61687016e-01  1.14302718e+00  1.49783970e-07  2.59373911e-06  1.23101529e-10  2.37214135e-01  2.37866882e-01  6.91822155e-08  2.47327212e-06 
 0.00000000e+00  8.66202950e-08  2.50710436e-06  3.61673938e-01  1.14302812e+00  1.14302811e+00  2.59373962e-06  6.48281816e-11  2.37228981e-01  2.37864956e-01  8.61034142e-08  2.45666014e-06 
 1.00000000e+00  1.10808107e-07  2.48291705e-06  3.61661634e-01  1.14302718e+00  1.49783969e-07  2.59374008e-06  1.23108634e-10  2.37248886e-01  2.37862211e-01  1.10050522e-07  2.43313825e-06 
 0.00000000e+00  1.29382549e-07  2.46434305e-06  3.61649954e-01  1.14302718e+00  1.14302718e+00  2.59374054e-06  1.23105082e-10  2.37263363e-01  2.37860088e-01  1.28432742e-07  2.41507322e-06 
 1.00000000e+00  1.50648192e-07  2.44307781e-06  3.61639026e-01  1.14302625e+00  1.49780189e-07  2.59374094e-06  1.81390902e-10  2.37279180e-01  2.37857645e-01  1.49470436e-07  2.39438868e-06 
 0.00000000e+00  1.66826791e-07  2.42689962e-06  3.61627014e-01  1.14302812e+00  1.14302811e+00  2.59374135e-06  6.48101248e-11  2.37290702e-01  2.37855765e-01  1.65470396e-07  2.37865087e-06 
 1.00000000e+00  1.91200458e-07  2.40252639e-06  3.61616496e-01  1.14302718e+00  1.49783967e-07  2.59374177e-06  1.23102837e-10  2.37307305e-01  2.37852919e-01  1.89566745e-07  2.35493860e-06 
 0.00000000e+00  2.10539964e-07  2.38318726e-06  3.61606264e-01  1.14302718e+00  1.14302718e+00  2.59374216e-06  1.23098662e-10  2.37319892e-01  2.37850643e-01  2.08679312e-07  2.33612184e-06 
 1.00000000e+00  2.32237752e-07  2.36148986e-06  3.61596806e-01  1.14302625e+00  1.49780190e-07  2.59374255e-06  1.81401560e-10  2.37333435e-01  2.37848068e-01  2.30115747e-07  2.31500840e-06 
 0.00000000e+00  2.49345164e-07  2.34438285e-06  3.61586770e-01  1.14302718e+00  1.14302718e+00  2.59374294e-06  1.23094424e-10  2.37343724e-01  2.37846023e-01  2.47012125e-07  2.29836020e-06 
 1.00000000e+00  2.72094573e-07  2.32163373e-06  3.61577870e-01  1.14302624e+00  1.49780188e-07  2.59374325e-06  1.81394455e-10  2.37356912e-01  2.37843288e-01  2.69474352e-07  2.27621894e-06 
 0.00000000e+00  2.90429325e-07  2.30329939e-06  3.61568999e-01  1.14302625e+00  1.14302624e+00  2.59374364e-06  1.81385781e-10  2.37367146e-01  2.37841060e-01  2.87572504e-07  2.25837273e-06 
 1.00000000e+00  3.10931156e-07  2.28279786e-06  3.61560908e-01  1.14302531e+00  1.49776413e-07  2.59374393e-06  2.39646157e-10  2.37378213e-01  2.37838555e-01  3.07804427e-07  2.23841501e-06 
 0.00000000e+00  3.27597335e-07  2.26613205e-06  3.61550520e-01  1.14302812e+00  1.14302811e+00  2.59374431e-06  6.48228138e-11  2.37386935e-01  2.37836502e-01  3.24247120e-07  2.22218982e-06 
 1.00000000e+00  3.51370551e-07  2.24235913e-06  3.61542709e-01  1.14302718e+00  1.49783971e-07  2.59374461e-06  1.23088934e-10  2.37398972e-01  2.37833552e-01  3.47695464e-07  2.19904294e-06 
 0.00000000e+00  3.71112677e-07  2.22261729e-06  3.61534804e-01  1.14302718e+00  1.14302718e+00  2.59374491e-06  1.23095791e-10  2.37408627e-01  2.37831084e-01  3.67162576e-07  2.17981890e-06 
 1.00000000e+00  3.92717972e-07  2.20101228e-06  3.61527697e-01  1.14302625e+00  1.49780190e-07  2.59374519e-06  1.81380244e-10  2.37418871e-01  2.37828357e-01  3.88461554e-07  2.15877846e-06 
 0.00000000e+00  4.10658085e-07  2.18307244e-06  3.61519705e-01  1.14302718e+00  1.14302718e+00  2.59374546e-06  1.23101529e-10  2.37427124e-01  2.37826073e-01  4.06143231e-07  2.14130565e-06 
 1.00000000e+00  4.33066529e-07  2.16066431e-06  3.61513038e-01  1.14302625e+00  1.49780192e-07  2.59374577e-06  1.81383259e-10  2.37437141e-01  2.37823204e-01  4.28223844e-07  2.11947856e-06 
 0.00000000e+00  4.51956331e-07  2.14177478e-06  3.61506139e-01  1.14302625e+00  1.14302624e+00  2.59374605e-06  1.81394455e-10  2.37445349e-01  2.37820760e-01  4.46832889e-07  2.10107709e-06 
 1.00000000e+00  4.72551167e-07  2.12118016e-06  3.61500045e-01  1.14302531e+00  1.49776413e-07  2.59374625e-06  2.39634090e-10  2.37454053e-01  2.37818079e-01  4.67117394e-07  2.08101240e-06 
 0.00000000e+00  4.89978080e-07  2.10375346e-06  3.61492250e-01  1.14302718e+00  1.14302717e+00  2.59374649e-06  1.23106782e-10  2.37461237e-01  2.37815788e-01  4.84278225e-07  2.06403255e-06 
 1.00000000e+00  5.12544860e-07  2.08118704e-06  3.61486475e-01  1.14302625e+00  1.49780194e-07  2.59374681e-06  1.81373139e-10  2.37470302e-01  2.37812800e-01  5.06495850e-07  2.04204257e-06 
 0.00000000e+00  5.31958766e-07  2.06177334e-06  3.61480394e-01  1.14302625e+00  1.14302624e+00  2.59374704e-06  1.81369586e-10  2.37477902e-01  2.37810206e-01  5.25605243e-07  2.02312271e-06 
 1.00000000e+00  5.52859401e-07  2.04087283e-06  3.61475118e-01  1.14302531e+00  1.49776410e-07  2.59374714e-06  2.39644748e-10  2.37485877e-01  2.37807391e-01  5.46174036e-07  2.00275175e-06 
 0.00000000e+00  5.70906139e-07  2.02282636e-06  3.61468803e-01  1.14302625e+00  1.14302624e+00  2.59374743e-06  1.81390611e-10  2.37492600e-01  2.37804938e-01  5.63930895e-07  1.98516085e-06 
 1.00000000e+00  5.92474506e-07  2.00125812e-06  3.61463891e-01  1.14302531e+00  1.49776411e-07  2.59374759e-06  2.39632401e-10  2.37500455e-01  2.37801984e-01  5.85148840e-07  1.96413483e-06 
 0.00000000e+00  6.11309706e-07  1.98242313e-06  3.61458603e-01  1.14302531e+00  1.14302530e+00  2.59374776e-06  2.39644748e-10  2.37507157e-01  2.37799377e-01  6.03674529e-07  1.94577159e-06 
 1.00000000e+00  6.31496440e-07  1.96223661e-06  3.61454134e-01  1.14302437e+00  1.49772633e-07  2.59374798e-06  2.97912087e-10  2.37514184e-01  2.37796562e-01  6.23525979e-07  1.92608861e-06 
 0.00000000e+00  6.50199128e-07  1.94353419e-06  3.61446189e-01  1.14302812e+00  1.14302811e+00  2.59374826e-06  6.48235597e-11  2.37520563e-01  2.37793934e-01  6.41914822e-07  1.90785094e-06 
 1.00000000e+00  6.72617912e-07  1.92111559e-06  3.61442000e-01  1.14302718e+00  1.49783969e-07  2.59374845e-06  1.23103878e-10  2.37528036e-01  2.37790750e-01  6.63953422e-07  1.88598706e-06 
 0.00000000e+00  6.92576378e-07  1.90115731e-06  3.61437403e-01  1.14302718e+00  1.14302717e+00  2.59374862e-06  1.23130771e-10  2.37534542e-01  2.37787894e-01  6.83569866e-07  1.86652053e-06 
 1.00000000e+00  7.13640127e-07  1.88009374e-06  3.61433620e-01  1.14302625e+00  1.49780192e-07  2.59374881e-06  1.81394681e-10  2.37541263e-01  2.37784844e-01  7.04269091e-07  1.84597377e-06 
 0.00000000e+00  7.32523456e-07  1.86121057e-06  3.61428711e-01  1.14302718e+00  1.14302718e+00  2.59374895e-06  1.23081757e-10  2.37547171e-01  2.37782093e-01  7.22822477e-07  1.82755191e-06 
 1.00000000e+00  7.54028335e-07  1.83970581e-06  3.61425254e-01  1.14302625e+00  1.49780190e-07  2.59374906e-06  1.81366769e-10  2.37553768e-01  2.37778920e-01  7.43948140e-07  1.80657047e-06 
 0.00000000e+00  7.73466528e-07  1.82026777e-06  3.61421347e-01  1.14302625e+00  1.14302624e+00  2.59374926e-06  1.81378065e-10  2.37559609e-01  2.37776028e-01  7.63040417e-07  1.78760334e-06 
 1.00000000e+00  7.93884952e-07  1.79984947e-06  3.61418264e-01  1.14302531e+00  1.49776411e-07  2.59374935e-06  2.39655407e-10  2.37565634e-01  2.37772962e-01  7.83092325e-07  1.76767767e-06 
 0.00000000e+00  8.12534917e-07  1.78119968e-06  3.61413309e-01  1.14302718e+00  1.14302718e+00  2.59374954e-06  1.23100117e-10  2.37571036e-01  2.37770137e-01  8.01404678e-07  1.74947590e-06 
 1.00000000e+00  8.34042378e-07  1.75969234e-06  3.61410520e-01  1.14302625e+00  1.49780190e-07  2.59374964e-06  1.81387843e-10  2.37577152e-01  2.37766847e-01  8.22519633e-07  1.72848311e-06 
 0.00000000e+00  8.53783675e-07  1.73995116e-06  3.61407241e-01  1.14302625e+00  1.14302624e+00  2.59374979e-06  1.81390902e-10  2.37582659e-01  2.37763793e-01  8.41897597e-07  1.70921209e-06 
 1.00000000e+00  8.74325716e-07  1.71940918e-06  3.61404789e-01  1.14302531e+00  1.49776410e-07  2.59374982e-06  2.39642682e-10  2.37588295e-01  2.37760585e-01  8.62058487e-07  1.68915719e-06 
 0.00000000e+00  8.93351997e-07  1.70038300e-06  3.61401141e-01  1.14302624e+00  1.14302624e+00  2.59374996e-06  1.81396265e-10  2.37593417e-01  2.37757583e-01  8.80729083e-07  1.67058020e-06 
 1.00000000e+00  9.14221272e-07  1.67951390e-06  3.61399003e-01  1.14302531e+00  1.49776415e-07  2.59375011e-06  2.39630735e-10  2.37598950e-01  2.37754262e-01  9.01205162e-07  1.65020164e-06 
 0.00000000e+00  9.33676735e-07  1.66005852e-06  3.61396341e-01  1.14302531e+00  1.14302530e+00  2.59375020e-06  2.39641196e-10  2.37604018e-01  2.37751128e-01  9.20291377e-07  1.63120158e-06 
 1.00000000e+00  9.53818117e-07  1.63991721e-06  3.61394514e-01  1.14302437e+00  1.49772633e-07  2.59375026e-06  2.97912370e-10  2.37609181e-01  2.37747856e-01  9.40047645e-07  1.61152948e-06 
 0.00000000e+00  9.73006690e-07  1.62072879e-06  3.61390054e-01  1.14302718e+00  1.14302718e+00  2.59375040e-06  1.23108634e-10  2.37614025e-01  2.37744705e-01  9.58866753e-07  1.59278609e-06 
 1.00000000e+00  9.94097486e-07  1.59963811e-06  3.61388507e-01  1.14302625e+00  1.49780192e-07  2.59375051e-06  1.81387350e-10  2.37619259e-01  2.37741203e-01  9.79548537e-07  1.57218227e-06 
 0.00000000e+00  1.01402687e-06  1.57970874e-06  3.61386435e-01  1.14302625e+00  1.14302624e+00  2.59375057e-06  1.81380244e-10  2.37624125e-01  2.37737860e-01  9.99088744e-07  1.55271081e-06 
 1.00000000e+00  1.03444411e-06  1.55929155e-06  3.61385201e-01  1.14302531e+00  1.49776413e-07  2.59375062e-06  2.39644748e-10  2.37629038e-01  2.37734400e-01  1.01910452e-06  1.53276055e-06 
 0.00000000e+00  1.05393966e-06  1.53979611e-06  3.61382731e-01  1.14302625e+00  1.14302624e+00  2.59375067e-06  1.81373010e-10  2.37633654e-01  2.37731056e-01  1.03821415e-06  1.51370883e-06 
 1.00000000e+00  1.07451543e-06  1.51922030e-06  3.61381766e-01  1.14302531e+00  1.49776407e-07  2.59375066e-06  2.39649712e-10  2.37638450e-01  2.37727483e-01  1.05838006e-06  1.49359919e-06 
 0.00000000e+00  1.09426808e-06  1.49946777e-06  3.61380292e-01  1.14302531e+00  1.14302530e+00  2.59375077e-06  2.39644993e-10  2.37642995e-01  2.37724027e-01  1.07773651e-06  1.47429191e-06 
 1.00000000e+00  1.11439767e-06  1.47933821e-06  3.61379640e-01  1.14302437e+00  1.49772634e-07  2.59375083e-06  2.97909610e-10  2.37647560e-01  2.37720461e-01  1.09745986e-06  1.45461395e-06 
 0.00000000e+00  1.13397971e-06  1.45975624e-06  3.61377041e-01  1.14302625e+00  1.14302624e+00  2.59375088e-06  1.81390902e-10  2.37651926e-01  2.37716948e-01  1.11664432e-06  1.43546914e-06 
 1.00000000e+00  1.15446152e-06  1.43927454e-06  3.61376673e-01  1.14302531e+00  1.49776416e-07  2.59375098e-06  2.39644748e-10  2.37656441e-01  2.37713235e-01  1.13670763e-06  1.41544244e-06 
 0.00000000e+00  1.17439302e-06  1.41934305e-06  3.61375753e-01  1.14302531e+00  1.14302530e+00  2.59375097e-06  2.39635530e-10  2.37660769e-01  2.37709582e-01  1.15622943e-06  1.39595146e-06 
 1.00000000e+00  1.19453769e-06  1.39919829e-06  3.61375649e-01  1.14302437e+00  1.49772631e-07  2.59375094e-06  2.97916868e-10  2.37665078e-01  2.37705837e-01  1.17595756e-06  1.37624972e-06 
 0.00000000e+00  1.21436252e-06  1.37937359e-06  3.61374318e-01  1.14302531e+00  1.14302530e+00  2.59375103e-06  2.39648947e-10  2.37669264e-01  2.37702113e-01  1.19537009e-06  1.35685876e-06 
 1.00000000e+00  1.23455698e-06  1.35917910e-06  3.61374507e-01  1.14302437e+00  1.49772634e-07  2.59375100e-06  2.97897450e-10  2.37673475e-01  2.37698274e-01  1.21514200e-06  1.33710381e-06 
 0.00000000e+00  1.25452740e-06  1.33920864e-06  3.61374139e-01  1.14302437e+00  1.14302437e+00  2.59375097e-06  2.97918582e-10  2.37677583e-01  2.37694426e-01  1.23469222e-06  1.31756572e-06 
 1.00000000e+00  1.27460282e-06  1.31913330e-06  3.61374619e-01  1.14302344e+00  1.49768860e-07  2.59375105e-06  3.56147685e-10  2.37681659e-01  2.37690518e-01  1.25434287e-06  1.29792267e-06 
 0.00000000e+00  1.29906932e-06  1.29466682e-06  3.61371082e-01  1.14302812e+00  1.14302811e+00  2.59375108e-06  6.48214195e-11  2.37686558e-01  2.37685680e-01  1.27828848e-06  1.27398000e-06 
 1.00000000e+00  1.31913338e-06  1.27460288e-06  3.61371863e-01  1.14302718e+00  1.49783975e-07  2.59375119e-06  1.23108634e-10  2.37690519e-01  2.37681660e-01  1.29792278e-06  1.25434298e-06 
 0.00000000e+00  1.33921282e-06  1.25452331e-06  3.61372079e-01  1.14302718e+00  1.14302718e+00  2.59375107e-06  1.23097976e-10  2.37694432e-01  2.37677583e-01  1.31756979e-06  1.23468824e-06 
 1.00000000e+00  1.35917916e-06  1.23455698e-06  3.61373132e-01  1.14302625e+00  1.49780190e-07  2.59375108e-06  1.81387350e-10  2.37698276e-01  2.37673475e-01  1.33710389e-06  1.21514205e-06 
 0.00000000e+00  1.37939009e-06  1.21434609e-06  3.61372946e-01  1.14302718e+00  1.14302718e+00  2.59375111e-06  1.23093036e-10  2.37702117e-01  2.37669265e-01  1.35687494e-06  1.19535394e-06 
 1.00000000e+00  1.39919842e-06  1.19453767e-06  3.61374268e-01  1.14302625e+00  1.49780190e-07  2.59375103e-06  1.81395630e-10  2.37705835e-01  2.37665077e-01  1.37624984e-06  1.17595756e-06 
 0.00000000e+00  1.41934721e-06  1.17438878e-06  3.61375053e-01  1.14302624e+00  1.14302624e+00  2.59375095e-06  1.81390520e-10  2.37709579e-01  2.37660763e-01  1.39595552e-06  1.15622531e-06 
 1.00000000e+00  1.43927457e-06  1.15446143e-06  3.61376670e-01  1.14302531e+00  1.49776412e-07  2.59375092e-06  2.39657655e-10  2.37713237e-01  2.37656440e-01  1.41544245e-06  1.13670759e-06 
 0.00000000e+00  1.45981775e-06  1.13391827e-06  3.61376357e-01  1.14302718e+00  1.14302718e+00  2.59375096e-06  1.23087019e-10  2.37716957e-01  2.37651912e-01  1.43552931e-06  1.11658415e-06 
 1.00000000e+00  1.47933828e-06  1.11439761e-06  3.61378245e-01  1.14302624e+00  1.49780186e-07  2.59375082e-06  1.81405113e-10  2.37720455e-01  2.37647554e-01  1.45461402e-06  1.09745982e-06 
 0.00000000e+00  1.49947212e-06  1.09426384e-06  3.61379606e-01  1.14302625e+00  1.14302624e+00  2.59375087e-06  1.81390902e-10  2.37724026e-01  2.37642996e-01  1.47429614e-06  1.07773240e-06 
 1.00000000e+00  1.51922050e-06  1.07451527e-06  3.61381772e-01  1.14302531e+00  1.49776412e-07  2.59375071e-06  2.39627346e-10  2.37727484e-01  2.37638453e-01  1.49359936e-06  1.05837986e-06 
 0.00000000e+00  1.53981261e-06  1.05392320e-06  3.61382738e-01  1.14302625e+00  1.14302624e+00  2.59375075e-06  1.81394455e-10  2.37731060e-01  2.37633648e-01  1.51372496e-06  1.03819804e-06 
 1.00000000e+00  1.55929169e-06  1.03444395e-06  3.61385192e-01  1.14302531e+00  1.49776411e-07  2.59375057e-06  2.39648159e-10  2.37734396e-01  2.37629036e-01  1.53276070e-06  1.01910435e-06 
 0.00000000e+00  1.57971312e-06  1.01402246e-06  3.61387124e-01  1.14302531e+00  1.14302530e+00  2.59375051e-06  2.39634645e-10  2.37737860e-01  2.37624126e-01  1.55271512e-06  9.99084399e-07 
 1.00000000e+00  1.59963806e-06  9.94097369e-07  3.61389878e-01  1.14302437e+00  1.49772629e-07  2.59375036e-06  2.97912806e-10  2.37741204e-01  2.37619254e-01  1.57218224e-06  9.79548490e-07 
 0.00000000e+00  1.62097072e-06  9.72764751e-07  3.61390097e-01  1.14302718e+00  1.14302718e+00  2.59375040e-06  1.23117390e-10  2.37744746e-01  2.37613965e-01  1.59302238e-06  9.58629503e-07 
 1.00000000e+00  1.63991724e-06  9.53818110e-07  3.61393129e-01  1.14302624e+00  1.49780188e-07  2.59375027e-06  1.81387350e-10  2.37747855e-01  2.37609178e-01  1.61152953e-06  9.40047668e-07 
 0.00000000e+00  1.66006275e-06  9.33672593e-07  3.61395658e-01  1.14302625e+00  1.14302624e+00  2.59375027e-06  1.81373139e-10  2.37751130e-01  2.37604019e-01  1.63120569e-06  9.20287293e-07 
 1.00000000e+00  1.67951406e-06  9.14221060e-07  3.61398999e-01  1.14302531e+00  1.49776411e-07  2.59375006e-06  2.39635003e-10  2.37754261e-01  2.37598951e-01  1.65020182e-06  9.01204952e-07 
 0.00000000e+00  1.70039954e-06  8.93335596e-07  3.61401156e-01  1.14302625e+00  1.14302624e+00  2.59375006e-06  1.81383797e-10  2.37757588e-01  2.37593417e-01  1.67059637e-06  8.80712983e-07 
 1.00000000e+00  1.71940918e-06  8.74325770e-07  3.61404797e-01  1.14302531e+00  1.49776414e-07  2.59374989e-06  2.39651854e-10  2.37760589e-01  2.37588292e-01  1.68915716e-06  8.62058529e-07 
 0.00000000e+00  1.73995545e-06  8.53779298e-07  3.61407926e-01  1.14302531e+00  1.14302530e+00  2.59374969e-06  2.39630538e-10  2.37763793e-01  2.37582657e-01  1.70921629e-06  8.41893286e-07 
 1.00000000e+00  1.75969250e-06  8.34042086e-07  3.61411889e-01  1.14302437e+00  1.49772630e-07  2.59374953e-06  2.97929598e-10  2.37766842e-01  2.37577150e-01  1.72848328e-06  8.22519338e-07 
 0.00000000e+00  1.78126148e-06  8.12473109e-07  3.61414023e-01  1.14302625e+00  1.14302624e+00  2.59374953e-06  1.81376691e-10  2.37770149e-01  2.37571021e-01  1.74953625e-06  8.01344017e-07 
 1.00000000e+00  1.79984954e-06  7.93884877e-07  3.61418265e-01  1.14302531e+00  1.49776413e-07  2.59374935e-06  2.39652791e-10  2.37772964e-01  2.37565633e-01  1.76767771e-06  7.83092286e-07 
 0.00000000e+00  1.82027192e-06  7.73462365e-07  3.61422045e-01  1.14302531e+00  1.14302530e+00  2.59374923e-06  2.39630333e-10  2.37776034e-01  2.37559607e-01  1.78760736e-06  7.63036329e-07 
 1.00000000e+00  1.83970587e-06  7.54028213e-07  3.61426638e-01  1.14302437e+00  1.49772634e-07  2.59374902e-06  2.97905700e-10  2.37778923e-01  2.37553767e-01  1.80657053e-06  7.43947956e-07 
 0.00000000e+00  1.86122740e-06  7.32506611e-07  3.61430101e-01  1.14302531e+00  1.14302530e+00  2.59374893e-06  2.39643444e-10  2.37782096e-01  2.37547169e-01  1.82756839e-06  7.22805950e-07 
 1.00000000e+00  1.88009385e-06  7.13639899e-07  3.61434994e-01  1.14302437e+00  1.49772629e-07  2.59374866e-06  2.97912806e-10  2.37784843e-01  2.37541264e-01  1.84597388e-06  7.04268899e-07 
 0.00000000e+00  1.90116175e-06  6.92571797e-07  3.61439468e-01  1.14302437e+00  1.14302437e+00  2.59374849e-06  2.97912806e-10  2.37787892e-01  2.37534540e-01  1.86652484e-06  6.83565373e-07 
 1.00000000e+00  1.92111572e-06  6.72617717e-07  3.61444761e-01  1.14302344e+00  1.49768859e-07  2.59374837e-06  3.56166371e-10  2.37790750e-01  2.37528034e-01  1.88598722e-06  6.63953253e-07 
 0.00000000e+00  1.94453541e-06  6.49197929e-07  3.61447190e-01  1.14302718e+00  1.14302718e+00  2.59374824e-06  1.23095781e-10  2.37794073e-01  2.37520222e-01  1.90882734e-06  6.40930534e-07 
 1.00000000e+00  1.96223660e-06  6.31496486e-07  3.61452765e-01  1.14302625e+00  1.49780189e-07  2.59374802e-06  1.81380244e-10  2.37796569e-01  2.37514186e-01  1.92608858e-06  6.23525992e-07 
 0.00000000e+00  1.98242731e-06  6.11305612e-07  3.61457918e-01  1.14302625e+00  1.14302624e+00  2.59374786e-06  1.81380244e-10  2.37799378e-01  2.37507157e-01  1.94577570e-06  6.03670467e-07 
 1.00000000e+00  2.00125833e-06  5.92474288e-07  3.61463888e-01  1.14302531e+00  1.49776408e-07  2.59374755e-06  2.39637643e-10  2.37801982e-01  2.37500458e-01  1.96413509e-06  5.85148603e-07 
 0.00000000e+00  2.02284263e-06  5.70889928e-07  3.61468812e-01  1.14302625e+00  1.14302624e+00  2.59374748e-06  1.81380244e-10  2.37804939e-01  2.37492594e-01  1.98517668e-06  5.63914966e-07 
 1.00000000e+00  2.04087296e-06  5.52859287e-07  3.61475121e-01  1.14302531e+00  1.49776412e-07  2.59374719e-06  2.39639260e-10  2.37807391e-01  2.37485877e-01  2.00275187e-06  5.46173920e-07 
 0.00000000e+00  2.06177757e-06  5.31954413e-07  3.61481083e-01  1.14302531e+00  1.14302530e+00  2.59374693e-06  2.39639978e-10  2.37810208e-01  2.37477899e-01  2.02312683e-06  5.25600949e-07 
 1.00000000e+00  2.08118708e-06  5.12544649e-07  3.61487849e-01  1.14302437e+00  1.49772632e-07  2.59374667e-06  2.97918280e-10  2.37812799e-01  2.37470300e-01  2.04204259e-06  5.06495660e-07 
 0.00000000e+00  2.10381498e-06  4.89916623e-07  3.61492980e-01  1.14302625e+00  1.14302624e+00  2.59374653e-06  1.81377936e-10  2.37815798e-01  2.37461214e-01  2.06409250e-06  4.84217678e-07 
 1.00000000e+00  2.12118031e-06  4.72551033e-07  3.61500050e-01  1.14302531e+00  1.49776417e-07  2.59374627e-06  2.39643468e-10  2.37818081e-01  2.37454055e-01  2.08101251e-06  4.67117269e-07 
 0.00000000e+00  2.14177889e-06  4.51952102e-07  3.61506826e-01  1.14302531e+00  1.14302530e+00  2.59374592e-06  2.39650753e-10  2.37820760e-01  2.37445346e-01  2.10108108e-06  4.46828718e-07 
 1.00000000e+00  2.16066451e-06  4.33066224e-07  3.61514414e-01  1.14302437e+00  1.49772632e-07  2.59374565e-06  2.97922430e-10  2.37823202e-01  2.37437143e-01  2.11947880e-06  4.28223492e-07 
 0.00000000e+00  2.18308918e-06  4.10641286e-07  3.61521098e-01  1.14302531e+00  1.14302530e+00  2.59374539e-06  2.39634090e-10  2.37826077e-01  2.37427116e-01  2.14132196e-06  4.06126683e-07 
 1.00000000e+00  2.20101247e-06  3.92717800e-07  3.61529078e-01  1.14302437e+00  1.49772637e-07  2.59374518e-06  2.97919911e-10  2.37828355e-01  2.37418869e-01  2.15877864e-06  3.88461403e-07 
 0.00000000e+00  2.22262181e-06  3.71108020e-07  3.61536872e-01  1.14302437e+00  1.14302437e+00  2.59374476e-06  2.97916358e-10  2.37831082e-01  2.37408626e-01  2.17982337e-06  3.67157970e-07 
 1.00000000e+00  2.24235931e-06  3.51370252e-07  3.61545473e-01  1.14302344e+00  1.49768856e-07  2.59374449e-06  3.56161524e-10  2.37833552e-01  2.37398974e-01  2.19904315e-06  3.47695115e-07 
 0.00000000e+00  2.26637640e-06  3.27352913e-07  3.61552055e-01  1.14302624e+00  1.14302624e+00  2.59374423e-06  1.81380244e-10  2.37836533e-01  2.37386808e-01  2.22242767e-06  3.24005994e-07 
 1.00000000e+00  2.28279791e-06  3.10931037e-07  3.61560904e-01  1.14302531e+00  1.49776409e-07  2.59374388e-06  2.39653570e-10  2.37838554e-01  2.37378211e-01  2.23841500e-06  3.07804292e-07 
 0.00000000e+00  2.30330348e-06  2.90425175e-07  3.61569687e-01  1.14302531e+00  1.14302530e+00  2.59374361e-06  2.39642927e-10  2.37841058e-01  2.37367141e-01  2.25837668e-06  2.87568435e-07 
 1.00000000e+00  2.32163391e-06  2.72094373e-07  3.61579249e-01  1.14302437e+00  1.49772632e-07  2.59374320e-06  2.97919911e-10  2.37843286e-01  2.37356910e-01  2.27621914e-06  2.69474178e-07 
 0.00000000e+00  2.34439929e-06  2.49328654e-07  3.61588169e-01  1.14302531e+00  1.14302530e+00  2.59374288e-06  2.39663227e-10  2.37846028e-01  2.37343717e-01  2.29837619e-06  2.46995754e-07 
 1.00000000e+00  2.36149014e-06  2.32237426e-07  3.61598190e-01  1.14302437e+00  1.49772634e-07  2.59374251e-06  2.97912806e-10  2.37848067e-01  2.37333441e-01  2.31500867e-06  2.30115395e-07 
 0.00000000e+00  2.38319180e-06  2.10535408e-07  3.61608338e-01  1.14302437e+00  1.14302437e+00  2.59374213e-06  2.97919911e-10  2.37850639e-01  2.37319886e-01  2.33612634e-06  2.08674832e-07 
 1.00000000e+00  2.40252667e-06  1.91200125e-07  3.61619260e-01  1.14302344e+00  1.49768858e-07  2.59374171e-06  3.56158974e-10  2.37852916e-01  2.37307306e-01  2.35493889e-06  1.89566384e-07 
 0.00000000e+00  2.42696292e-06  1.66763515e-07  3.61629137e-01  1.14302531e+00  1.14302530e+00  2.59374136e-06  2.39647191e-10  2.37855767e-01  2.37290655e-01  2.37871248e-06  1.65407823e-07 
 1.00000000e+00  2.44307794e-06  1.50647969e-07  3.61640400e-01  1.14302437e+00  1.49772630e-07  2.59374085e-06  2.97903244e-10  2.37857641e-01  2.37279178e-01  2.39438883e-06  1.49470214e-07 
 0.00000000e+00  2.46434729e-06  1.29378167e-07  3.61652033e-01  1.14302437e+00  1.14302437e+00  2.59374040e-06  2.97925701e-10  2.37860090e-01  2.37263363e-01  2.41507732e-06  1.28428349e-07 
 1.00000000e+00  2.48291722e-06  1.10807856e-07  3.61664406e-01  1.14302344e+00  1.49768860e-07  2.59374004e-06  3.56163241e-10  2.37862212e-01  2.37248885e-01  2.43313839e-06  1.10050282e-07 
 0.00000000e+00  2.50712188e-06  8.66027652e-08  3.61676728e-01  1.14302437e+00  1.14302437e+00  2.59373955e-06  2.97912806e-10  2.37864960e-01  2.37228968e-01  2.45667718e-06  8.60860414e-08 
 1.00000000e+00  2.52418807e-06  6.95359436e-08  3.61689781e-01  1.14302344e+00  1.49768852e-07  2.59373895e-06  3.56159546e-10  2.37866882e-01  2.37214134e-01  2.47327220e-06  6.91819313e-08 
 0.00000000e+00  2.54715286e-06  4.65706822e-08  3.61703679e-01  1.14302344e+00  1.14302343e+00  2.59373849e-06  3.56167783e-10  2.37869449e-01  2.37193025e-01  2.49560072e-06  4.64260701e-08 
 1.00000000e+00  2.56715238e-06  2.65705895e-08  3.61718333e-01  1.14302250e+00  1.49765077e-07  2.59373789e-06  4.14421403e-10  2.37871670e-01  2.37173433e-01  2.51504407e-06  2.65988138e-08 
