 net1            i(VloutI)       i(VldumpI)      v(Vin)          v(Vgate)        v(d0)           i(vini)         i(vgatei)       v(vloutv)       v(vldumpv)      i(vout)         i(vdump)       
 0.00000000e+00  2.56771728e-06  2.66830375e-08  3.43869791e-01  1.14302905e+00  1.14302905e+00  2.59441463e-06  6.57252031e-12  2.28101713e-01  2.27419310e-01  2.52141021e-06  2.75198442e-08 
 1.00000000e+00  2.54770382e-06  4.66969750e-08  3.43857754e-01  1.14302812e+00  1.49787749e-07  2.59441513e-06  6.48228138e-11  2.28099518e-01  2.27438139e-01  2.50191727e-06  4.74047379e-08 
 0.00000000e+00  2.52467809e-06  6.97231327e-08  3.43845177e-01  1.14302812e+00  1.14302811e+00  2.59441555e-06  6.48299192e-11  2.28096974e-01  2.27458501e-01  2.47948796e-06  7.02712537e-08 
 1.00000000e+00  2.50764627e-06  8.67553643e-08  3.43834581e-01  1.14302718e+00  1.49783968e-07  2.59441595e-06  1.23083765e-10  2.28095081e-01  2.27472760e-01  2.46289560e-06  8.71783019e-08 
 0.00000000e+00  2.48336020e-06  1.11041963e-07  3.43822224e-01  1.14302812e+00  1.14302811e+00  2.59441649e-06  6.48228138e-11  2.28092363e-01  2.27492041e-01  2.43923370e-06  1.11276226e-07 
 1.00000000e+00  2.46480128e-06  1.29601286e-07  3.43812233e-01  1.14302718e+00  1.49783972e-07  2.59441689e-06  1.23091918e-10  2.28090267e-01  2.27506015e-01  2.42114978e-06  1.29683730e-07 
 0.00000000e+00  2.44349727e-06  1.50905683e-07  3.43801690e-01  1.14302718e+00  1.14302718e+00  2.59441729e-06  1.23105645e-10  2.28087844e-01  2.27521324e-01  2.40038895e-06  1.50806073e-07 
 1.00000000e+00  2.42743793e-06  1.66965336e-07  3.43792708e-01  1.14302625e+00  1.49780190e-07  2.59441759e-06  1.81378450e-10  2.28086007e-01  2.27532393e-01  2.38473758e-06  1.66723233e-07 
 0.00000000e+00  2.40291928e-06  1.91484320e-07  3.43781328e-01  1.14302812e+00  1.14302811e+00  2.59441793e-06  6.48304799e-11  2.28083178e-01  2.27548569e-01  2.36083933e-06  1.91016232e-07 
 1.00000000e+00  2.38358393e-06  2.10820150e-07  3.43772638e-01  1.14302718e+00  1.49783971e-07  2.59441838e-06  1.23103663e-10  2.28080933e-01  2.27560763e-01  2.34199110e-06  2.10167059e-07 
 0.00000000e+00  2.36183923e-06  2.32565176e-07  3.43763429e-01  1.14302718e+00  1.14302718e+00  2.59441873e-06  1.23094621e-10  2.28078389e-01  2.27573930e-01  2.32079202e-06  2.31696973e-07 
 1.00000000e+00  2.34479003e-06  2.49614683e-07  3.43755544e-01  1.14302625e+00  1.49780193e-07  2.59441903e-06  1.81373291e-10  2.28076377e-01  2.27583884e-01  2.30416902e-06  2.48572874e-07 
 0.00000000e+00  2.32196334e-06  2.72441676e-07  3.43746247e-01  1.14302718e+00  1.14302718e+00  2.59441937e-06  1.23101061e-10  2.28073669e-01  2.27596730e-01  2.28191059e-06  2.71160738e-07 
 1.00000000e+00  2.30365243e-06  2.90752846e-07  3.43738775e-01  1.14302625e+00  1.49780190e-07  2.59441963e-06  1.81393383e-10  2.28071472e-01  2.27606667e-01  2.26405372e-06  2.89274769e-07 
 0.00000000e+00  2.28312626e-06  3.11279346e-07  3.43730797e-01  1.14302625e+00  1.14302624e+00  2.59441993e-06  1.81383632e-10  2.28068995e-01  2.27617440e-01  2.24403449e-06  3.09574869e-07 
 1.00000000e+00  2.26676188e-06  3.27643926e-07  3.43723972e-01  1.14302531e+00  1.49776411e-07  2.59442014e-06  2.39632158e-10  2.28067008e-01  2.27625771e-01  2.22807275e-06  3.25754989e-07 
 0.00000000e+00  2.24269315e-06  3.51713015e-07  3.43714396e-01  1.14302812e+00  1.14302811e+00  2.59442050e-06  6.48325831e-11  2.28064062e-01  2.27637634e-01  2.20459385e-06  3.49546532e-07 
 1.00000000e+00  2.22294952e-06  3.71456918e-07  3.43707793e-01  1.14302718e+00  1.49783969e-07  2.59442078e-06  1.23106561e-10  2.28061626e-01  2.27647041e-01  2.18533186e-06  3.69057281e-07 
 0.00000000e+00  2.20129788e-06  3.93108845e-07  3.43700703e-01  1.14302718e+00  1.14302718e+00  2.59442105e-06  1.23105082e-10  2.28058931e-01  2.27657040e-01  2.16420621e-06  3.90448173e-07 
 1.00000000e+00  2.18340436e-06  4.11002605e-07  3.43694661e-01  1.14302625e+00  1.49780189e-07  2.59442129e-06  1.81391745e-10  2.28056684e-01  2.27665067e-01  2.14674561e-06  4.08122085e-07 
 0.00000000e+00  2.16092300e-06  4.33484299e-07  3.43687380e-01  1.14302718e+00  1.14302718e+00  2.59442163e-06  1.23118829e-10  2.28053839e-01  2.27674865e-01  2.12480589e-06  4.30322263e-07 
 1.00000000e+00  2.14204824e-06  4.52359244e-07  3.43681688e-01  1.14302625e+00  1.49780192e-07  2.59442180e-06  1.81384591e-10  2.28051434e-01  2.27682859e-01  2.10638390e-06  4.48956543e-07 
 0.00000000e+00  2.12142734e-06  4.72980359e-07  3.43675514e-01  1.14302625e+00  1.14302624e+00  2.59442203e-06  1.81381622e-10  2.28048781e-01  2.27691367e-01  2.08625564e-06  4.69310203e-07 
 1.00000000e+00  2.10410398e-06  4.90303907e-07  3.43670302e-01  1.14302531e+00  1.49776413e-07  2.59442221e-06  2.39643392e-10  2.28046540e-01  2.27698341e-01  2.06934439e-06  4.86405646e-07 
 0.00000000e+00  2.08142152e-06  5.12986626e-07  3.43663239e-01  1.14302718e+00  1.14302718e+00  2.59442248e-06  1.23114897e-10  2.28043577e-01  2.27707239e-01  2.04719938e-06  5.08784957e-07 
 1.00000000e+00  2.06201304e-06  5.32395209e-07  3.43658279e-01  1.14302624e+00  1.49780184e-07  2.59442259e-06  1.81394455e-10  2.28041019e-01  2.27714655e-01  2.02824864e-06  5.27929727e-07 
 0.00000000e+00  2.04107990e-06  5.53328569e-07  3.43652853e-01  1.14302624e+00  1.14302624e+00  2.59442279e-06  1.81372947e-10  2.28038236e-01  2.27722460e-01  2.00780713e-06  5.48574368e-07 
 1.00000000e+00  2.02307913e-06  5.71329593e-07  3.43648326e-01  1.14302531e+00  1.49776412e-07  2.59442304e-06  2.39629323e-10  2.28035823e-01  2.27729020e-01  1.99022733e-06  5.66323628e-07 
 0.00000000e+00  2.00145414e-06  5.92954815e-07  3.43642651e-01  1.14302625e+00  1.14302624e+00  2.59442327e-06  1.81378905e-10  2.28032903e-01  2.27736719e-01  1.96910585e-06  5.87642491e-07 
 1.00000000e+00  1.98263652e-06  6.11772595e-07  3.43638420e-01  1.14302531e+00  1.49776414e-07  2.59442344e-06  2.39642022e-10  2.28030334e-01  2.27743267e-01  1.95072450e-06  6.06190051e-07 
 0.00000000e+00  1.96243207e-06  6.31977222e-07  3.43633727e-01  1.14302531e+00  1.14302530e+00  2.59442362e-06  2.39644082e-10  2.28027558e-01  2.27750149e-01  1.93098638e-06  6.26100908e-07 
 1.00000000e+00  1.94476789e-06  6.49641561e-07  3.43629873e-01  1.14302437e+00  1.49772636e-07  2.59442378e-06  2.97912806e-10  2.28025109e-01  2.27756043e-01  1.91372823e-06  6.43505375e-07 
 0.00000000e+00  1.92142527e-06  6.72984427e-07  3.43622880e-01  1.14302812e+00  1.14302811e+00  2.59442404e-06  6.48086029e-11  2.28021842e-01  2.27763662e-01  1.89091965e-06  6.66500661e-07 
 1.00000000e+00  1.90146186e-06  6.92947895e-07  3.43619263e-01  1.14302718e+00  1.49783966e-07  2.59442409e-06  1.23100718e-10  2.28019022e-01  2.27770035e-01  1.87141081e-06  6.86163064e-07 
 0.00000000e+00  1.88036164e-06  7.14048259e-07  3.43615190e-01  1.14302718e+00  1.14302717e+00  2.59442424e-06  1.23101529e-10  2.28016013e-01  2.27776627e-01  1.85078877e-06  7.06941572e-07 
 1.00000000e+00  1.86150863e-06  7.32901451e-07  3.43611932e-01  1.14302625e+00  1.49780192e-07  2.59442441e-06  1.81376577e-10  2.28013302e-01  2.27782406e-01  1.83236105e-06  7.25504009e-07 
 0.00000000e+00  1.83994718e-06  7.54463118e-07  3.43607584e-01  1.14302718e+00  1.14302718e+00  2.59442462e-06  1.23108634e-10  2.28010171e-01  2.27788883e-01  1.81128372e-06  7.46729611e-07 
 1.00000000e+00  1.82051474e-06  7.73895559e-07  3.43604595e-01  1.14302624e+00  1.49780186e-07  2.59442463e-06  1.81394455e-10  2.28007319e-01  2.27794605e-01  1.79228558e-06  7.65855866e-07 
 0.00000000e+00  1.80007364e-06  7.94336784e-07  3.43601156e-01  1.14302624e+00  1.14302624e+00  2.59442476e-06  1.81380614e-10  2.28004292e-01  2.27800514e-01  1.77229921e-06  7.85971828e-07 
 1.00000000e+00  1.78150511e-06  8.12905498e-07  3.43598495e-01  1.14302531e+00  1.49776412e-07  2.59442493e-06  2.39637015e-10  2.28001518e-01  2.27805787e-01  1.75414186e-06  8.04242200e-07 
 0.00000000e+00  1.75990199e-06  8.34508763e-07  3.43594167e-01  1.14302718e+00  1.14302718e+00  2.59442509e-06  1.23091096e-10  2.27998263e-01  2.27811813e-01  1.73301472e-06  8.25495029e-07 
 1.00000000e+00  1.74016023e-06  8.54250616e-07  3.43591755e-01  1.14302625e+00  1.49780189e-07  2.59442517e-06  1.81393613e-10  2.27995254e-01  2.27817211e-01  1.71370585e-06  8.44913533e-07 
 0.00000000e+00  1.71959281e-06  8.74818131e-07  3.43588898e-01  1.14302625e+00  1.14302624e+00  2.59442528e-06  1.81393796e-10  2.27992090e-01  2.27822744e-01  1.69358717e-06  8.65141029e-07 
 1.00000000e+00  1.70059372e-06  8.93817273e-07  3.43586786e-01  1.14302531e+00  1.49776408e-07  2.59442531e-06  2.39646355e-10  2.27989137e-01  2.27827770e-01  1.67500065e-06  8.83823295e-07 
 0.00000000e+00  1.67968174e-06  9.14729429e-07  3.43583628e-01  1.14302625e+00  1.14302624e+00  2.59442550e-06  1.81384745e-10  2.27985856e-01  2.27833204e-01  1.65454058e-06  9.04383619e-07 
 1.00000000e+00  1.66023169e-06  9.34179481e-07  3.43581783e-01  1.14302531e+00  1.49776410e-07  2.59442550e-06  2.39630538e-10  2.27982774e-01  2.27838178e-01  1.63550870e-06  9.23503602e-07 
 0.00000000e+00  1.64007359e-06  9.54337669e-07  3.43579487e-01  1.14302531e+00  1.14302530e+00  2.59442559e-06  2.39635711e-10  2.27979545e-01  2.27843246e-01  1.61578186e-06  9.43316909e-07 
 1.00000000e+00  1.62113909e-06  9.73272315e-07  3.43577925e-01  1.14302437e+00  1.49772636e-07  2.59442574e-06  2.97898595e-10  2.27976480e-01  2.27847935e-01  1.59725045e-06  9.61924917e-07 
 0.00000000e+00  1.59980572e-06  9.94605796e-07  3.43574133e-01  1.14302718e+00  1.14302718e+00  2.59442585e-06  1.23111486e-10  2.27972993e-01  2.27853135e-01  1.57636887e-06  9.82887427e-07 
 1.00000000e+00  1.57987207e-06  1.01453948e-06  3.43572819e-01  1.14302625e+00  1.49780189e-07  2.59442587e-06  1.81366392e-10  2.27969697e-01  2.27857914e-01  1.55685520e-06  1.00247157e-06 
 0.00000000e+00  1.55943222e-06  1.03497940e-06  3.43571060e-01  1.14302625e+00  1.14302624e+00  2.59442594e-06  1.81369108e-10  2.27966283e-01  2.27862741e-01  1.53684366e-06  1.02255037e-06 
 1.00000000e+00  1.53995393e-06  1.05445773e-06  3.43570024e-01  1.14302531e+00  1.49776410e-07  2.59442598e-06  2.39650512e-10  2.27962996e-01  2.27867274e-01  1.51777139e-06  1.04168184e-06 
 0.00000000e+00  1.51934156e-06  1.07507011e-06  3.43567950e-01  1.14302624e+00  1.14302624e+00  2.59442600e-06  1.81393297e-10  2.27959477e-01  2.27871996e-01  1.49758638e-06  1.06192449e-06 
 1.00000000e+00  1.49958834e-06  1.09482346e-06  3.43567171e-01  1.14302531e+00  1.49776415e-07  2.59442613e-06  2.39626985e-10  2.27956065e-01  2.27876457e-01  1.47824057e-06  1.08132094e-06 
 0.00000000e+00  1.47944215e-06  1.11496971e-06  3.43565943e-01  1.14302531e+00  1.14302530e+00  2.59442618e-06  2.39637643e-10  2.27952552e-01  2.27880939e-01  1.45850754e-06  1.10110052e-06 
 1.00000000e+00  1.45992122e-06  1.13449061e-06  3.43565425e-01  1.14302437e+00  1.49772635e-07  2.59442616e-06  2.97906359e-10  2.27949110e-01  2.27885225e-01  1.43938483e-06  1.12026355e-06 
 0.00000000e+00  1.43936598e-06  1.15504586e-06  3.43563293e-01  1.14302624e+00  1.14302624e+00  2.59442618e-06  1.81358442e-10  2.27945438e-01  2.27889669e-01  1.41924651e-06  1.14043943e-06 
 1.00000000e+00  1.41943013e-06  1.17498184e-06  3.43563039e-01  1.14302531e+00  1.49776414e-07  2.59442631e-06  2.39639746e-10  2.27941838e-01  2.27893928e-01  1.39971280e-06  1.16000489e-06 
 0.00000000e+00  1.39926874e-06  1.19514326e-06  3.43562327e-01  1.14302531e+00  1.14302530e+00  2.59442634e-06  2.39656000e-10  2.27938154e-01  2.27898172e-01  1.37995574e-06  1.17978904e-06 
 1.00000000e+00  1.37945361e-06  1.21495830e-06  3.43562308e-01  1.14302437e+00  1.49772630e-07  2.59442624e-06  2.97905700e-10  2.27934489e-01  2.27902282e-01  1.36053575e-06  1.19923086e-06 
 0.00000000e+00  1.35923094e-06  1.23518106e-06  3.43561280e-01  1.14302531e+00  1.14302530e+00  2.59442632e-06  2.39659213e-10  2.27930705e-01  2.27906426e-01  1.34071395e-06  1.21907016e-06 
 1.00000000e+00  1.33925472e-06  1.25515725e-06  3.43561528e-01  1.14302437e+00  1.49772632e-07  2.59442629e-06  2.97905700e-10  2.27926923e-01  2.27910469e-01  1.32113136e-06  1.23866519e-06 
 0.00000000e+00  1.31916397e-06  1.27524795e-06  3.43561323e-01  1.14302437e+00  1.14302437e+00  2.59442626e-06  2.97923210e-10  2.27923067e-01  2.27914479e-01  1.30143418e-06  1.25836996e-06 
 1.00000000e+00  1.29908728e-06  1.29532466e-06  3.43561823e-01  1.14302344e+00  1.49768854e-07  2.59442626e-06  3.56159546e-10  2.27919169e-01  2.27918435e-01  1.28174833e-06  1.27805870e-06 
 0.00000000e+00  1.27524831e-06  1.31916378e-06  3.43559034e-01  1.14302812e+00  1.14302811e+00  2.59442641e-06  6.48191788e-11  2.27914478e-01  2.27923070e-01  1.25837036e-06  1.30143397e-06 
 1.00000000e+00  1.25516111e-06  1.33925094e-06  3.43559804e-01  1.14302718e+00  1.49783969e-07  2.59442638e-06  1.23109582e-10  2.27910468e-01  2.27926917e-01  1.23866893e-06  1.32112770e-06 
 0.00000000e+00  1.23518120e-06  1.35923085e-06  3.43560135e-01  1.14302718e+00  1.14302718e+00  2.59442637e-06  1.23097350e-10  2.27906428e-01  2.27930705e-01  1.21907028e-06  1.34071386e-06 
 1.00000000e+00  1.21497284e-06  1.37943919e-06  3.43561167e-01  1.14302625e+00  1.49780194e-07  2.59442638e-06  1.81376691e-10  2.27902287e-01  2.27934486e-01  1.19924512e-06  1.36052159e-06 
 0.00000000e+00  1.19514340e-06  1.39926858e-06  3.43561174e-01  1.14302718e+00  1.14302718e+00  2.59442631e-06  1.23112461e-10  2.27898170e-01  2.27938153e-01  1.17978919e-06  1.37995563e-06 
 1.00000000e+00  1.17498581e-06  1.41942617e-06  3.43562462e-01  1.14302625e+00  1.49780193e-07  2.59442630e-06  1.81369586e-10  2.27893924e-01  2.27941839e-01  1.16000882e-06  1.39970891e-06 
 0.00000000e+00  1.15504600e-06  1.43936596e-06  3.43563301e-01  1.14302625e+00  1.14302624e+00  2.59442628e-06  1.81387350e-10  2.27889671e-01  2.27945438e-01  1.14043957e-06  1.41924652e-06 
 1.00000000e+00  1.13454416e-06  1.45986772e-06  3.43564845e-01  1.14302531e+00  1.49776415e-07  2.59442622e-06  2.39626985e-10  2.27885235e-01  2.27949097e-01  1.12031615e-06  1.43933245e-06 
 0.00000000e+00  1.11496998e-06  1.47944191e-06  3.43564803e-01  1.14302718e+00  1.14302718e+00  2.59442620e-06  1.23115571e-10  2.27880941e-01  2.27952558e-01  1.10110080e-06  1.45850731e-06 
 1.00000000e+00  1.09482741e-06  1.49958441e-06  3.43566601e-01  1.14302625e+00  1.49780192e-07  2.59442615e-06  1.81392495e-10  2.27876456e-01  2.27956069e-01  1.08132485e-06  1.47823668e-06 
 0.00000000e+00  1.07507027e-06  1.51934145e-06  3.43567951e-01  1.14302625e+00  1.14302624e+00  2.59442606e-06  1.81393895e-10  2.27871995e-01  2.27959477e-01  1.06192467e-06  1.49758627e-06 
 1.00000000e+00  1.05447231e-06  1.53993939e-06  3.43570024e-01  1.14302531e+00  1.49776415e-07  2.59442602e-06  2.39623432e-10  2.27867275e-01  2.27962994e-01  1.04169620e-06  1.51775715e-06 
 0.00000000e+00  1.03497950e-06  1.55943217e-06  3.43571066e-01  1.14302625e+00  1.14302624e+00  2.59442600e-06  1.81382010e-10  2.27862743e-01  2.27966284e-01  1.02255044e-06  1.53684359e-06 
 1.00000000e+00  1.01454329e-06  1.57986828e-06  3.43573393e-01  1.14302531e+00  1.49776414e-07  2.59442589e-06  2.39637643e-10  2.27857915e-01  2.27969696e-01  1.00247538e-06  1.55685149e-06 
 0.00000000e+00  9.94605876e-07  1.59980553e-06  3.43575273e-01  1.14302531e+00  1.14302530e+00  2.59442572e-06  2.39637189e-10  2.27853132e-01  2.27972993e-01  9.82887478e-07  1.57636864e-06 
 1.00000000e+00  9.73481755e-07  1.62092961e-06  3.43577891e-01  1.14302437e+00  1.49772636e-07  2.59442570e-06  2.97900558e-10  2.27847989e-01  2.27976447e-01  9.62130690e-07  1.59704543e-06 
 0.00000000e+00  9.54337781e-07  1.64007351e-06  3.43578342e-01  1.14302718e+00  1.14302717e+00  2.59442561e-06  1.23112187e-10  2.27843250e-01  2.27979546e-01  9.43316950e-07  1.61578178e-06 
 1.00000000e+00  9.34183239e-07  1.66022796e-06  3.43581208e-01  1.14302624e+00  1.49780188e-07  2.59442552e-06  1.81361121e-10  2.27838179e-01  2.27982772e-01  9.23507299e-07  1.63550503e-06 
 0.00000000e+00  9.14729449e-07  1.67968167e-06  3.43583625e-01  1.14302625e+00  1.14302624e+00  2.59442545e-06  1.81393984e-10  2.27833206e-01  2.27985854e-01  9.04383619e-07  1.65454051e-06 
 1.00000000e+00  8.93831716e-07  1.70057925e-06  3.43586786e-01  1.14302531e+00  1.49776408e-07  2.59442530e-06  2.39651854e-10  2.27827774e-01  2.27989137e-01  8.83837476e-07  1.67498650e-06 
 0.00000000e+00  8.74818210e-07  1.71959274e-06  3.43588898e-01  1.14302625e+00  1.14302624e+00  2.59442530e-06  1.81380761e-10  2.27822745e-01  2.27992089e-01  8.65141114e-07  1.69358715e-06 
 1.00000000e+00  8.54254433e-07  1.74015640e-06  3.43592331e-01  1.14302531e+00  1.49776413e-07  2.59442515e-06  2.39637643e-10  2.27817214e-01  2.27995255e-01  8.44917301e-07  1.71370213e-06 
 0.00000000e+00  8.34508893e-07  1.75990180e-06  3.43595311e-01  1.14302531e+00  1.14302530e+00  2.59442502e-06  2.39645880e-10  2.27811809e-01  2.27998262e-01  8.25495148e-07  1.73301455e-06 
 1.00000000e+00  8.12959330e-07  1.78145127e-06  3.43599062e-01  1.14302437e+00  1.49772636e-07  2.59442494e-06  2.97912806e-10  2.27805803e-01  2.28001514e-01  8.04295141e-07  1.75408913e-06 
 0.00000000e+00  7.94337027e-07  1.80007353e-06  3.43601170e-01  1.14302625e+00  1.14302624e+00  2.59442486e-06  1.81372714e-10  2.27800517e-01  2.28004299e-01  7.85972096e-07  1.77229906e-06 
 1.00000000e+00  7.73899338e-07  1.82051105e-06  3.43605174e-01  1.14302531e+00  1.49776414e-07  2.59442470e-06  2.39634090e-10  2.27794607e-01  2.28007320e-01  7.65859635e-07  1.79228199e-06 
 0.00000000e+00  7.54463197e-07  1.83994702e-06  3.43608730e-01  1.14302531e+00  1.14302530e+00  2.59442457e-06  2.39634090e-10  2.27788881e-01  2.28010170e-01  7.46729693e-07  1.81128360e-06 
 1.00000000e+00  7.32916137e-07  1.86149395e-06  3.43613076e-01  1.14302437e+00  1.49772635e-07  2.59442440e-06  2.97916358e-10  2.27782410e-01  2.28013299e-01  7.25518428e-07  1.83234672e-06 
 0.00000000e+00  7.14048412e-07  1.88036149e-06  3.43616343e-01  1.14302531e+00  1.14302530e+00  2.59442423e-06  2.39637917e-10  2.27776627e-01  2.28016016e-01  7.06941712e-07  1.85078858e-06 
 1.00000000e+00  6.92951845e-07  1.90145783e-06  3.43620981e-01  1.14302437e+00  1.49772628e-07  2.59442400e-06  2.97927016e-10  2.27770032e-01  2.28019023e-01  6.86166990e-07  1.87140682e-06 
 0.00000000e+00  6.72984431e-07  1.92142514e-06  3.43625172e-01  1.14302437e+00  1.14302437e+00  2.59442391e-06  2.97916358e-10  2.27763661e-01  2.28021842e-01  6.66500661e-07  1.89091956e-06 
 1.00000000e+00  6.50504471e-07  1.94390488e-06  3.43630189e-01  1.14302344e+00  1.49768854e-07  2.59442367e-06  3.56155994e-10  2.27756326e-01  2.28024988e-01  6.44355534e-07  1.91288498e-06 
 0.00000000e+00  6.31977408e-07  1.96243188e-06  3.43632578e-01  1.14302718e+00  1.14302718e+00  2.59442361e-06  1.23092758e-10  2.27750149e-01  2.28027559e-01  6.26101052e-07  1.93098619e-06 
 1.00000000e+00  6.11776273e-07  1.98263278e-06  3.43637841e-01  1.14302624e+00  1.49780187e-07  2.59442338e-06  1.81371072e-10  2.27743269e-01  2.28030334e-01  6.06193607e-07  1.95072079e-06 
 0.00000000e+00  5.92954908e-07  2.00145396e-06  3.43642645e-01  1.14302624e+00  1.14302624e+00  2.59442320e-06  1.81370343e-10  2.27736718e-01  2.28032901e-01  5.87642562e-07  1.96910567e-06 
 1.00000000e+00  5.71343915e-07  2.02306480e-06  3.43648320e-01  1.14302531e+00  1.49776411e-07  2.59442303e-06  2.39644748e-10  2.27729023e-01  2.28035822e-01  5.66337816e-07  1.99021331e-06 
 0.00000000e+00  5.53328725e-07  2.04107983e-06  3.43652858e-01  1.14302625e+00  1.14302624e+00  2.59442289e-06  1.81359896e-10  2.27722460e-01  2.28038236e-01  5.48574516e-07  2.00780705e-06 
 1.00000000e+00  5.32399072e-07  2.06200912e-06  3.43658846e-01  1.14302531e+00  1.49776406e-07  2.59442253e-06  2.39634090e-10  2.27714653e-01  2.28041017e-01  5.27933542e-07  2.02824482e-06 
 0.00000000e+00  5.12986632e-07  2.08142140e-06  3.43664379e-01  1.14302531e+00  1.14302530e+00  2.59442236e-06  2.39656125e-10  2.27707237e-01  2.28043574e-01  5.08784920e-07  2.04719921e-06 
 1.00000000e+00  4.90357395e-07  2.10405048e-06  3.43670849e-01  1.14302437e+00  1.49772633e-07  2.59442220e-06  2.97909253e-10  2.27698360e-01  2.28046532e-01  4.86458447e-07  2.06929217e-06 
 0.00000000e+00  4.72980468e-07  2.12142722e-06  3.43675519e-01  1.14302625e+00  1.14302624e+00  2.59442201e-06  1.81386494e-10  2.27691371e-01  2.28048785e-01  4.69310322e-07  2.08625547e-06 
 1.00000000e+00  4.52362845e-07  2.14204460e-06  3.43682262e-01  1.14302531e+00  1.49776413e-07  2.59442177e-06  2.39640768e-10  2.27682865e-01  2.28051433e-01  4.48960060e-07  2.10638033e-06 
 0.00000000e+00  4.33484388e-07  2.16092283e-06  3.43688532e-01  1.14302531e+00  1.14302530e+00  2.59442155e-06  2.39659445e-10  2.27674867e-01  2.28053843e-01  4.30322363e-07  2.12480567e-06 
 1.00000000e+00  4.11017272e-07  2.18338967e-06  3.43695804e-01  1.14302437e+00  1.49772636e-07  2.59442129e-06  2.97916358e-10  2.27665074e-01  2.28056682e-01  4.08136515e-07  2.14673129e-06 
 0.00000000e+00  3.93108851e-07  2.20129787e-06  3.43701851e-01  1.14302531e+00  1.14302530e+00  2.59442105e-06  2.39647673e-10  2.27657040e-01  2.28058929e-01  3.90448154e-07  2.16420620e-06 
 1.00000000e+00  3.71460838e-07  2.22294554e-06  3.43709511e-01  1.14302437e+00  1.49772634e-07  2.59442071e-06  2.97902147e-10  2.27647041e-01  2.28061624e-01  3.69061208e-07  2.18532797e-06 
 0.00000000e+00  3.51712980e-07  2.24269307e-06  3.43716692e-01  1.14302437e+00  1.14302437e+00  2.59442039e-06  2.97902147e-10  2.27637635e-01  2.28064061e-01  3.49546468e-07  2.20459380e-06 
 1.00000000e+00  3.27855509e-07  2.26655026e-06  3.43724999e-01  1.14302344e+00  1.49768856e-07  2.59442010e-06  3.56138230e-10  2.27625877e-01  2.28066982e-01  3.25964196e-07  2.22786637e-06 
 0.00000000e+00  3.11279453e-07  2.28312616e-06  3.43730799e-01  1.14302625e+00  1.14302624e+00  2.59441995e-06  1.81385532e-10  2.27617441e-01  2.28068995e-01  3.09574984e-07  2.24403439e-06 
 1.00000000e+00  2.90756513e-07  2.30364876e-06  3.43739347e-01  1.14302531e+00  1.49776413e-07  2.59441961e-06  2.39648301e-10  2.27606667e-01  2.28071472e-01  2.89278443e-07  2.26405016e-06 
 0.00000000e+00  2.72441698e-07  2.32196323e-06  3.43747390e-01  1.14302531e+00  1.14302530e+00  2.59441926e-06  2.39637643e-10  2.27596729e-01  2.28073666e-01  2.71160726e-07  2.28191052e-06 
 1.00000000e+00  2.49629025e-07  2.34477560e-06  3.43756677e-01  1.14302437e+00  1.49772635e-07  2.59441896e-06  2.97894032e-10  2.27583891e-01  2.28076372e-01  2.48587023e-07  2.30415493e-06 
 0.00000000e+00  2.32565194e-07  2.36183910e-06  3.43764577e-01  1.14302531e+00  1.14302530e+00  2.59441861e-06  2.39660295e-10  2.27573932e-01  2.28078390e-01  2.31696973e-07  2.32079186e-06 
 1.00000000e+00  2.10824039e-07  2.38357990e-06  3.43774362e-01  1.14302437e+00  1.49772632e-07  2.59441826e-06  2.97901379e-10  2.27560767e-01  2.28080935e-01  2.10170889e-07  2.34198717e-06 
 0.00000000e+00  1.91484381e-07  2.40291920e-06  3.43783634e-01  1.14302437e+00  1.14302437e+00  2.59441790e-06  2.97911602e-10  2.27548568e-01  2.28083181e-01  1.91016376e-07  2.36083922e-06 
 1.00000000e+00  1.67020299e-07  2.42738282e-06  3.43794380e-01  1.14302344e+00  1.49768854e-07  2.59441746e-06  3.56155994e-10  2.27532428e-01  2.28085997e-01  1.66777685e-07  2.38468388e-06 
 0.00000000e+00  1.50905745e-07  2.44349711e-06  3.43802839e-01  1.14302531e+00  1.14302530e+00  2.59441718e-06  2.39655910e-10  2.27521326e-01  2.28087845e-01  1.50806141e-07  2.40038881e-06 
 1.00000000e+00  1.29605011e-07  2.46479750e-06  3.43813951e-01  1.14302437e+00  1.49772637e-07  2.59441682e-06  2.97902147e-10  2.27506015e-01  2.28090265e-01  1.29687432e-07  2.42114612e-06 
 0.00000000e+00  1.11041946e-07  2.48336008e-06  3.43824520e-01  1.14302437e+00  1.14302437e+00  2.59441635e-06  2.97909239e-10  2.27492040e-01  2.28092362e-01  1.11276242e-07  2.43923359e-06 
 1.00000000e+00  8.67706478e-08  2.50763097e-06  3.43836880e-01  1.14302344e+00  1.49768859e-07  2.59441595e-06  3.56159546e-10  2.27472776e-01  2.28095083e-01  8.71934631e-08  2.46288069e-06 
 0.00000000e+00  6.97231514e-08  2.52467806e-06  3.43847483e-01  1.14302437e+00  1.14302437e+00  2.59441553e-06  2.97907993e-10  2.27458502e-01  2.28096975e-01  7.02713301e-08  2.47948791e-06 
 1.00000000e+00  4.67011126e-08  2.54769958e-06  3.43860631e-01  1.14302344e+00  1.49768857e-07  2.59441503e-06  3.56160157e-10  2.27438145e-01  2.28099520e-01  4.74088306e-08  2.50191316e-06 
 0.00000000e+00  2.66830605e-08  2.56771716e-06  3.43873247e-01  1.14302344e+00  1.14302343e+00  2.59441455e-06  3.56161812e-10  2.27419309e-01  2.28101715e-01  2.75199010e-08  2.52141004e-06 
 1.00000000e+00 -1.61939589e-12  2.59440128e-06  3.43888250e-01  1.14302250e+00  1.49765081e-07  2.59441399e-06  4.14412944e-10  2.27392318e-01  2.28104614e-01  9.92651294e-10  2.54739712e-06 
