 net1            i(VloutI)       i(VldumpI)      v(Vin)          v(Vgate)        v(d0)           i(vini)         i(vgatei)       v(vloutv)       v(vldumpv)      i(vout)         i(vdump)       
 0.00000000e+00 -1.69658431e-12  2.75041796e-06  3.71709235e-01  1.14493873e+00  1.14493872e+00  2.75043127e-06  9.82226453e-12  2.38534479e-01  2.38109741e-01  5.92891425e-09  2.65687893e-06 
 1.00000000e+00  1.73312200e-08  2.73308484e-06  3.71713788e-01  1.14493736e+00  2.04998029e-07  2.75043108e-06  9.48574552e-11  2.38552091e-01  2.38107943e-01  2.34343993e-08  2.64024206e-06 
 0.00000000e+00  3.86547598e-08  2.71176124e-06  3.71716565e-01  1.14493790e+00  1.14493789e+00  2.75043099e-06  6.17106366e-11  2.38572507e-01  2.38105715e-01  4.49604514e-08  2.61977322e-06 
 1.00000000e+00  5.76581875e-08  2.69275757e-06  3.71721981e-01  1.14493653e+00  2.04993677e-07  2.75043078e-06  1.46732651e-10  2.38589667e-01  2.38103717e-01  6.41357261e-08  2.60152964e-06 
 0.00000000e+00  8.11838044e-08  2.66923180e-06  3.71724526e-01  1.14493790e+00  1.14493789e+00  2.75043062e-06  6.13601531e-11  2.38609710e-01  2.38101225e-01  8.78634481e-08  2.57894263e-06 
 1.00000000e+00  9.88307419e-08  2.65158457e-06  3.71731196e-01  1.14493654e+00  2.04993696e-07  2.75043032e-06  1.46417989e-10  2.38623958e-01  2.38099342e-01  1.05654614e-07  2.56199803e-06 
 0.00000000e+00  1.21289342e-07  2.62912582e-06  3.71736032e-01  1.14493707e+00  1.14493706e+00  2.75043018e-06  1.13256959e-10  2.38641220e-01  2.38096931e-01  1.28288081e-07  2.54043148e-06 
 1.00000000e+00  1.41176243e-07  2.60923856e-06  3.71743302e-01  1.14493570e+00  2.04989341e-07  2.75042982e-06  1.98280921e-10  2.38655759e-01  2.38094783e-01  1.48322030e-07  2.52133238e-06 
 0.00000000e+00  1.66339802e-07  2.58407477e-06  3.71750376e-01  1.14493765e+00  1.14493765e+00  2.75042961e-06  7.67585058e-11  2.38673255e-01  2.38092042e-01  1.73661698e-07  2.49716342e-06 
 1.00000000e+00  1.82882939e-07  2.56753131e-06  3.71758892e-01  1.14493629e+00  2.04992413e-07  2.75042927e-06  1.61781802e-10  2.38684253e-01  2.38090227e-01  1.90314822e-07  2.48127246e-06 
 0.00000000e+00  2.04845204e-07  2.54556868e-06  3.71765539e-01  1.14493682e+00  1.14493681e+00  2.75042892e-06  1.28640624e-10  2.38698289e-01  2.38087801e-01  2.12416223e-07  2.46017422e-06 
 1.00000000e+00  2.23902161e-07  2.52651150e-06  3.71774487e-01  1.14493546e+00  2.04988058e-07  2.75042866e-06  2.13676643e-10  2.38709983e-01  2.38085681e-01  2.31587869e-07  2.44186540e-06 
 0.00000000e+00  2.48745560e-07  2.50166774e-06  3.71780510e-01  1.14493683e+00  1.14493682e+00  2.75042832e-06  1.28302424e-10  2.38724605e-01  2.38082896e-01  2.56572587e-07  2.41799478e-06 
 1.00000000e+00  2.66258358e-07  2.48415459e-06  3.71790276e-01  1.14493546e+00  2.04988084e-07  2.75042798e-06  2.13320233e-10  2.38734521e-01  2.38080918e-01  2.74179646e-07  2.40116598e-06 
 0.00000000e+00  2.89799350e-07  2.46061331e-06  3.71798207e-01  1.14493599e+00  1.14493599e+00  2.75042768e-06  1.80195640e-10  2.38747384e-01  2.38078243e-01  2.97840552e-07  2.37854250e-06 
 1.00000000e+00  3.10226923e-07  2.44018530e-06  3.71808330e-01  1.14493463e+00  2.04983729e-07  2.75042726e-06  2.65210076e-10  2.38758132e-01  2.38075903e-01  3.18366197e-07  2.35890889e-06 
 0.00000000e+00  3.36701515e-07  2.41371097e-06  3.71801929e-01  1.14493794e+00  1.14493793e+00  2.75042752e-06  5.92130789e-11  2.38771542e-01  2.38072843e-01  3.44959759e-07  2.33346145e-06 
 1.00000000e+00  3.51949109e-07  2.39846289e-06  3.71813026e-01  1.14493657e+00  2.04993877e-07  2.75042703e-06  1.44247281e-10  2.38779014e-01  2.38071065e-01  3.60271878e-07  2.31880339e-06 
 0.00000000e+00  3.73662567e-07  2.37674905e-06  3.71822301e-01  1.14493710e+00  1.14493709e+00  2.75042665e-06  1.11118747e-10  2.38789358e-01  2.38068519e-01  3.82072258e-07  2.29792795e-06 
 1.00000000e+00  3.91960100e-07  2.35845109e-06  3.71833684e-01  1.14493574e+00  2.04989527e-07  2.75042622e-06  1.96120453e-10  2.38797816e-01  2.38066359e-01  4.00438722e-07  2.28033489e-06 
 0.00000000e+00  4.17000236e-07  2.33341065e-06  3.71842199e-01  1.14493711e+00  1.14493710e+00  2.75042592e-06  1.10759402e-10  2.38809039e-01  2.38063376e-01  4.25566888e-07  2.25625665e-06 
 1.00000000e+00  4.33507561e-07  2.31690280e-06  3.71854179e-01  1.14493574e+00  2.04989552e-07  2.75042538e-06  1.95786498e-10  2.38816221e-01  2.38061393e-01  4.42128375e-07  2.24038165e-06 
 0.00000000e+00  4.56949846e-07  2.29346012e-06  3.71864385e-01  1.14493628e+00  1.14493627e+00  2.75042499e-06  1.62645154e-10  2.38826154e-01  2.38058558e-01  4.65642367e-07  2.21783554e-06 
 1.00000000e+00  4.76813889e-07  2.27359559e-06  3.71876639e-01  1.14493491e+00  2.04985202e-07  2.75042450e-06  2.47657516e-10  2.38834326e-01  2.38056138e-01  4.85562630e-07  2.19872879e-06 
 0.00000000e+00  5.03962692e-07  2.24644632e-06  3.71888802e-01  1.14493686e+00  1.14493685e+00  2.75042404e-06  1.26145534e-10  2.38845166e-01  2.38052798e-01  5.12781572e-07  2.17261242e-06 
 1.00000000e+00  5.19331738e-07  2.23107677e-06  3.71901763e-01  1.14493550e+00  2.04988268e-07  2.75042353e-06  2.11173301e-10  2.38851144e-01  2.38050890e-01  5.28186991e-07  2.15782612e-06 
 0.00000000e+00  5.42034085e-07  2.20837395e-06  3.71912969e-01  1.14493603e+00  1.14493602e+00  2.75042306e-06  1.78015824e-10  2.38859763e-01  2.38048053e-01  5.50938786e-07  2.13598291e-06 
 1.00000000e+00  5.60932737e-07  2.18947471e-06  3.71926164e-01  1.14493466e+00  2.04983908e-07  2.75042249e-06  2.63055137e-10  2.38866766e-01  2.38045669e-01  5.69874731e-07  2.11779748e-06 
 0.00000000e+00  5.87403230e-07  2.16300380e-06  3.71936559e-01  1.14493603e+00  1.14493603e+00  2.75042206e-06  1.77681869e-10  2.38876320e-01  2.38042307e-01  5.96391757e-07  2.09232362e-06 
 1.00000000e+00  6.04362165e-07  2.14604433e-06  3.71950254e-01  1.14493467e+00  2.04983937e-07  2.75042152e-06  2.62721550e-10  2.38882288e-01  2.38040130e-01  6.13377063e-07  2.07600132e-06 
 0.00000000e+00  6.29088864e-07  2.12131716e-06  3.71962239e-01  1.14493520e+00  1.14493519e+00  2.75042105e-06  2.29583956e-10  2.38890799e-01  2.38036933e-01  6.38137482e-07  2.05220079e-06 
 1.00000000e+00  6.49855382e-07  2.10055008e-06  3.71976174e-01  1.14493384e+00  2.04979584e-07  2.75042049e-06  3.14578585e-10  2.38897764e-01  2.38034220e-01  6.58928164e-07  2.03220980e-06 
 0.00000000e+00  6.78251132e-07  2.07215330e-06  3.72002849e-01  1.14493788e+00  1.14493788e+00  2.75041946e-06  6.24709173e-11  2.38907055e-01  2.38030475e-01  6.87350704e-07  2.00487110e-06 
 1.00000000e+00  6.91815952e-07  2.05858783e-06  3.72017448e-01  1.14493652e+00  2.04993606e-07  2.75041882e-06  1.47504439e-10  2.38911394e-01  2.38028668e-01  7.00925893e-07  1.99180977e-06 
 0.00000000e+00  7.13459919e-07  2.03694339e-06  3.72030367e-01  1.14493705e+00  1.14493704e+00  2.75041834e-06  1.14349455e-10  2.38918197e-01  2.38025772e-01  7.22583222e-07  1.97096794e-06 
 1.00000000e+00  7.30908668e-07  2.01949408e-06  3.72045183e-01  1.14493569e+00  2.04989258e-07  2.75041777e-06  1.99381990e-10  2.38923579e-01  2.38023412e-01  7.40039830e-07  1.95416418e-06 
 0.00000000e+00  7.56632383e-07  1.99376987e-06  3.72057256e-01  1.14493706e+00  1.14493705e+00  2.75041727e-06  1.14017240e-10  2.38931341e-01  2.38019901e-01  7.65770697e-07  1.92938906e-06 
 1.00000000e+00  7.71923486e-07  1.97847816e-06  3.72072485e-01  1.14493569e+00  2.04989287e-07  2.75041667e-06  1.99034251e-10  2.38935873e-01  2.38017796e-01  7.81063395e-07  1.91466007e-06 
 0.00000000e+00  7.95639698e-07  1.95476139e-06  3.72086071e-01  1.14493622e+00  1.14493622e+00  2.75041611e-06  1.65901071e-10  2.38942767e-01  2.38014507e-01  8.04778535e-07  1.89181386e-06 
 1.00000000e+00  8.15035184e-07  1.93536522e-06  3.72101529e-01  1.14493486e+00  2.04984926e-07  2.75041545e-06  2.50919466e-10  2.38948296e-01  2.38011789e-01  8.24169877e-07  1.87312780e-06 
 0.00000000e+00  8.43112967e-07  1.90728682e-06  3.72117034e-01  1.14493681e+00  1.14493680e+00  2.75041481e-06  1.29394411e-10  2.38956130e-01  2.38007813e-01  8.52236479e-07  1.84607418e-06 
 1.00000000e+00  8.57121545e-07  1.89327757e-06  3.72132971e-01  1.14493544e+00  2.04987988e-07  2.75041415e-06  2.14419022e-10  2.38959968e-01  2.38005807e-01  8.66237228e-07  1.83257491e-06 
 0.00000000e+00  8.79865783e-07  1.87053282e-06  3.72147312e-01  1.14493598e+00  1.14493597e+00  2.75041363e-06  1.81277215e-10  2.38966097e-01  2.38002532e-01  8.88965658e-07  1.81065605e-06 
 1.00000000e+00  8.98114535e-07  1.85228337e-06  3.72163479e-01  1.14493461e+00  2.04983634e-07  2.75041294e-06  2.66305505e-10  2.38970930e-01  2.37999873e-01  9.07198983e-07  1.79306755e-06 
 0.00000000e+00  9.25285291e-07  1.82511210e-06  3.72176990e-01  1.14493598e+00  1.14493597e+00  2.75041242e-06  1.80936155e-10  2.38977992e-01  2.37995881e-01  9.34342154e-07  1.76687742e-06 
 1.00000000e+00  9.41255186e-07  1.80914155e-06  3.72193525e-01  1.14493462e+00  2.04983668e-07  2.75041178e-06  2.65947285e-10  2.38982070e-01  2.37993507e-01  9.50293387e-07  1.75148191e-06 
 0.00000000e+00  9.66314283e-07  1.78408181e-06  3.72208495e-01  1.14493515e+00  1.14493514e+00  2.75041112e-06  2.32813404e-10  2.38988363e-01  2.37989749e-01  9.75319459e-07  1.72732198e-06 
 1.00000000e+00  9.86746745e-07  1.76364873e-06  3.72225292e-01  1.14493379e+00  2.04979315e-07  2.75041052e-06  3.17836424e-10  2.38993404e-01  2.37986651e-01  9.95721757e-07  1.70762039e-06 
 0.00000000e+00  1.01602056e-06  1.73437485e-06  3.72225607e-01  1.14493709e+00  1.14493708e+00  2.75041042e-06  1.11842979e-10  2.39000486e-01  2.37982158e-01  1.02494731e-06  1.67939100e-06 
 1.00000000e+00  1.02892771e-06  1.72146704e-06  3.72242797e-01  1.14493573e+00  2.04989463e-07  2.75040978e-06  1.96883714e-10  2.39003552e-01  2.37980155e-01  1.03783135e-06  1.66694241e-06 
 0.00000000e+00  1.05120140e-06  1.69919271e-06  3.72258462e-01  1.14493626e+00  1.14493625e+00  2.75040913e-06  1.63767278e-10  2.39008786e-01  2.37976676e-01  1.06006238e-06  1.64545860e-06 
 1.00000000e+00  1.06865965e-06  1.68173381e-06  3.72275897e-01  1.14493489e+00  2.04985112e-07  2.75040848e-06  2.48773110e-10  2.39012825e-01  2.37973914e-01  1.07748488e-06  1.62861769e-06 
 0.00000000e+00  1.09565368e-06  1.65473917e-06  3.72290744e-01  1.14493626e+00  1.14493626e+00  2.75040787e-06  1.63403513e-10  2.39018971e-01  2.37969603e-01  1.10441967e-06  1.60257554e-06 
 1.00000000e+00  1.11066535e-06  1.63972670e-06  3.72308500e-01  1.14493490e+00  2.04985138e-07  2.75040710e-06  2.48419769e-10  2.39022339e-01  2.37967180e-01  1.11939623e-06  1.58809120e-06 
 0.00000000e+00  1.13536133e-06  1.61503008e-06  3.72324772e-01  1.14493543e+00  1.14493542e+00  2.75040644e-06  2.15278014e-10  2.39027798e-01  2.37963152e-01  1.14403134e-06  1.56426094e-06 
 1.00000000e+00  1.15512188e-06  1.59526881e-06  3.72342810e-01  1.14493407e+00  2.04980782e-07  2.75040574e-06  3.00303782e-10  2.39032104e-01  2.37959890e-01  1.16374033e-06  1.54519076e-06 
 0.00000000e+00  1.18486775e-06  1.56552220e-06  3.72361090e-01  1.14493602e+00  1.14493601e+00  2.75040499e-06  1.78779658e-10  2.39038469e-01  2.37954918e-01  1.19340386e-06  1.51648069e-06 
 1.00000000e+00  1.19849005e-06  1.55189915e-06  3.72379467e-01  1.14493465e+00  2.04983842e-07  2.75040422e-06  2.63823505e-10  2.39041341e-01  2.37952614e-01  1.20698655e-06  1.50333086e-06 
 0.00000000e+00  1.22209097e-06  1.52829761e-06  3.72396405e-01  1.14493518e+00  1.14493518e+00  2.75040363e-06  2.30681252e-10  2.39046258e-01  2.37948583e-01  1.23051610e-06  1.48054690e-06 
 1.00000000e+00  1.24059010e-06  1.50979765e-06  3.72415062e-01  1.14493382e+00  2.04979488e-07  2.75040281e-06  3.15711901e-10  2.39050056e-01  2.37945386e-01  1.24895685e-06  1.46268580e-06 
 0.00000000e+00  1.26924069e-06  1.48114652e-06  3.72431210e-01  1.14493519e+00  1.14493518e+00  2.75040223e-06  2.30322428e-10  2.39055854e-01  2.37940370e-01  1.27751281e-06  1.43502059e-06 
 1.00000000e+00  1.28517224e-06  1.46521417e-06  3.72450170e-01  1.14493383e+00  2.04979522e-07  2.75040145e-06  3.15346364e-10  2.39059033e-01  2.37937546e-01  1.29338951e-06  1.41963466e-06 
 0.00000000e+00  1.31142912e-06  1.43895658e-06  3.72467728e-01  1.14493436e+00  1.14493435e+00  2.75040074e-06  2.82199153e-10  2.39064201e-01  2.37932835e-01  1.31955264e-06  1.39427468e-06 
 1.00000000e+00  1.33245277e-06  1.41793211e-06  3.72487003e-01  1.14493299e+00  2.04975166e-07  2.75039995e-06  3.67226249e-10  2.39068278e-01  2.37929011e-01  1.34049820e-06  1.37396626e-06 
 0.00000000e+00  1.36979912e-06  1.38058308e-06  3.72554581e-01  1.14493673e+00  1.14493672e+00  2.75039722e-06  1.34175020e-10  2.39075395e-01  2.37922102e-01  1.37769928e-06  1.33788355e-06 
 1.00000000e+00  1.38085387e-06  1.36952757e-06  3.72574172e-01  1.14493537e+00  2.04987591e-07  2.75039646e-06  2.19202434e-10  2.39077467e-01  2.37920028e-01  1.38870948e-06  1.32720139e-06 
 0.00000000e+00  1.40250334e-06  1.34787731e-06  3.72592384e-01  1.14493590e+00  1.14493589e+00  2.75039568e-06  1.86066273e-10  2.39081494e-01  2.37915921e-01  1.41026947e-06  1.30628048e-06 
 1.00000000e+00  1.41872043e-06  1.33165946e-06  3.72612277e-01  1.14493454e+00  2.04983237e-07  2.75039494e-06  2.71086265e-10  2.39084472e-01  2.37912815e-01  1.42641781e-06  1.29060723e-06 
 0.00000000e+00  1.44568410e-06  1.30469505e-06  3.72629755e-01  1.14493591e+00  1.14493590e+00  2.75039417e-06  1.85711228e-10  2.39089372e-01  2.37907578e-01  1.45326358e-06  1.26454511e-06 
 1.00000000e+00  1.45913573e-06  1.29124266e-06  3.72649912e-01  1.14493454e+00  2.04983266e-07  2.75039342e-06  2.70745204e-10  2.39091785e-01  2.37904933e-01  1.46665484e-06  1.25154134e-06 
 0.00000000e+00  1.48346198e-06  1.26691564e-06  3.72668767e-01  1.14493507e+00  1.14493507e+00  2.75039265e-06  2.37579425e-10  2.39096109e-01  2.37900090e-01  1.49086916e-06  1.22802306e-06 
 1.00000000e+00  1.50224578e-06  1.24813095e-06  3.72689267e-01  1.14493371e+00  2.04978905e-07  2.75039176e-06  3.22627905e-10  2.39099400e-01  2.37896298e-01  1.50956429e-06  1.20986052e-06 
 0.00000000e+00  1.53212452e-06  1.21825143e-06  3.72710186e-01  1.14493566e+00  1.14493565e+00  2.75039097e-06  2.01083594e-10  2.39104576e-01  2.37890173e-01  1.53929766e-06  1.18096656e-06 
 1.00000000e+00  1.54400765e-06  1.20636744e-06  3.72730912e-01  1.14493429e+00  2.04981972e-07  2.75039012e-06  2.86134640e-10  2.39106606e-01  2.37887700e-01  1.55112158e-06  1.16947313e-06 
 0.00000000e+00  1.56703472e-06  1.18333959e-06  3.72750400e-01  1.14493483e+00  1.14493482e+00  2.75038934e-06  2.53013610e-10  2.39110511e-01  2.37882856e-01  1.57403161e-06  1.14719972e-06 
 1.00000000e+00  1.58436833e-06  1.16600515e-06  3.72771505e-01  1.14493346e+00  2.04977622e-07  2.75038852e-06  3.37995076e-10  2.39113415e-01  2.37879160e-01  1.59127513e-06  1.13043110e-06 
 0.00000000e+00  1.61301126e-06  1.13736144e-06  3.72790311e-01  1.14493483e+00  1.14493482e+00  2.75038774e-06  2.52630696e-10  2.39118163e-01  2.37872955e-01  1.61976541e-06  1.10271852e-06 
 1.00000000e+00  1.62746538e-06  1.12290647e-06  3.72811663e-01  1.14493347e+00  2.04977649e-07  2.75038688e-06  3.37646355e-10  2.39120527e-01  2.37869779e-01  1.63414084e-06  1.08873151e-06 
 0.00000000e+00  1.65338696e-06  1.09698406e-06  3.72831852e-01  1.14493400e+00  1.14493399e+00  2.75038605e-06  3.04503089e-10  2.39124734e-01  2.37863998e-01  1.65991818e-06  1.06364522e-06 
 1.00000000e+00  1.67348873e-06  1.07688139e-06  3.72853633e-01  1.14493264e+00  2.04973291e-07  2.75038515e-06  3.89536110e-10  2.39127951e-01  2.37859438e-01  1.67990559e-06  1.04418813e-06 
 0.00000000e+00  1.70484641e-06  1.04552351e-06  3.72859244e-01  1.14493594e+00  1.14493593e+00  2.75038496e-06  1.83550952e-10  2.39132914e-01  2.37852194e-01  1.71108026e-06  1.01383224e-06 
 1.00000000e+00  1.71548713e-06  1.03488193e-06  3.72881111e-01  1.14493458e+00  2.04983447e-07  2.75038409e-06  2.68581601e-10  2.39134578e-01  2.37849697e-01  1.72165766e-06  1.00352930e-06 
 0.00000000e+00  1.73786222e-06  1.01250596e-06  3.72901857e-01  1.14493511e+00  1.14493510e+00  2.75038320e-06  2.35436208e-10  2.39138050e-01  2.37844382e-01  1.74389756e-06  9.81862943e-07 
 1.00000000e+00  1.75424049e-06  9.96126835e-07  3.72924169e-01  1.14493374e+00  2.04979091e-07  2.75038235e-06  3.20454097e-10  2.39140571e-01  2.37840431e-01  1.76017516e-06  9.66001252e-07 
 0.00000000e+00  1.78251631e-06  9.67850193e-07  3.72944317e-01  1.14493511e+00  1.14493511e+00  2.75038154e-06  2.35097275e-10  2.39144871e-01  2.37833493e-01  1.78827367e-06  9.38613809e-07 
 1.00000000e+00  1.79584925e-06  9.54516392e-07  3.72966848e-01  1.14493375e+00  2.04979122e-07  2.75038067e-06  3.20117266e-10  2.39146878e-01  2.37830165e-01  1.80152146e-06  9.25697467e-07 
 0.00000000e+00  1.82122656e-06  9.29138149e-07  3.72988354e-01  1.14493428e+00  1.14493427e+00  2.75037975e-06  2.86974000e-10  2.39150664e-01  2.37823738e-01  1.82673407e-06  9.01110457e-07 
 1.00000000e+00  1.84048317e-06  9.09880577e-07  3.73011400e-01  1.14493292e+00  2.04974762e-07  2.75037880e-06  3.71997544e-10  2.39153509e-01  2.37818768e-01  1.84586336e-06  8.82450397e-07 
 0.00000000e+00  1.87209295e-06  8.78269897e-07  3.73035205e-01  1.14493487e+00  1.14493486e+00  2.75037789e-06  2.50491183e-10  2.39158120e-01  2.37810439e-01  1.87725975e-06  8.51814951e-07 
 1.00000000e+00  1.88371544e-06  8.66646492e-07  3.73058354e-01  1.14493350e+00  2.04977831e-07  2.75037697e-06  3.35506310e-10  2.39159802e-01  2.37807319e-01  1.88880243e-06  8.40548351e-07 
 0.00000000e+00  1.90769092e-06  8.42670122e-07  3.73080557e-01  1.14493403e+00  1.14493403e+00  2.75037609e-06  3.02353318e-10  2.39163238e-01  2.37800785e-01  1.91261096e-06  8.17305006e-07 
 1.00000000e+00  1.92537165e-06  8.24988455e-07  3.73104255e-01  1.14493267e+00  2.04973478e-07  2.75037515e-06  3.87380794e-10  2.39165748e-01  2.37795876e-01  1.93016659e-06  8.00161288e-07 
 0.00000000e+00  1.95559739e-06  7.94761762e-07  3.73125961e-01  1.14493404e+00  1.14493403e+00  2.75037419e-06  3.01992212e-10  2.39169996e-01  2.37787303e-01  1.96017453e-06  7.70848890e-07 
 1.00000000e+00  1.97009766e-06  7.80260601e-07  3.73149893e-01  1.14493268e+00  2.04973507e-07  2.75037331e-06  3.87029621e-10  2.39172015e-01  2.37783107e-01  1.97456858e-06  7.56783953e-07 
 0.00000000e+00  1.99733109e-06  7.53026242e-07  3.73172981e-01  1.14493321e+00  1.14493320e+00  2.75037237e-06  3.53885145e-10  2.39175767e-01  2.37775067e-01  2.00159949e-06  7.30364503e-07 
 1.00000000e+00  2.01812065e-06  7.32235612e-07  3.73197543e-01  1.14493184e+00  2.04969151e-07  2.75037132e-06  4.38898695e-10  2.39178602e-01  2.37768789e-01  2.02223181e-06  7.10192134e-07 
 0.00000000e+00  2.05163945e-06  6.98715317e-07  3.73236047e-01  1.14493589e+00  1.14493588e+00  2.75036980e-06  1.86815896e-10  2.39183125e-01  2.37758390e-01  2.05549217e-06  6.77661465e-07 
 1.00000000e+00  2.06073111e-06  6.89622677e-07  3.73260469e-01  1.14493452e+00  2.04983171e-07  2.75036881e-06  2.71842934e-10  2.39184336e-01  2.37755509e-01  2.06451276e-06  6.68835733e-07 
 0.00000000e+00  2.08285972e-06  6.67493081e-07  3.73284156e-01  1.14493506e+00  1.14493505e+00  2.75036784e-06  2.38687580e-10  2.39187276e-01  2.37748388e-01  2.08646640e-06  6.47352818e-07 
 1.00000000e+00  2.09832868e-06  6.52023112e-07  3.73309233e-01  1.14493369e+00  2.04978815e-07  2.75036682e-06  3.23716165e-10  2.39189311e-01  2.37743310e-01  2.10181157e-06  6.32332524e-07 
 0.00000000e+00  2.12701688e-06  6.23334007e-07  3.73332593e-01  1.14493506e+00  1.14493505e+00  2.75036590e-06  2.38358666e-10  2.39193060e-01  2.37733673e-01  2.13026669e-06  6.04471960e-07 
 1.00000000e+00  2.13908549e-06  6.11264350e-07  3.73357865e-01  1.14493370e+00  2.04978844e-07  2.75036488e-06  3.23380565e-10  2.39194622e-01  2.37729528e-01  2.14223598e-06  5.92748739e-07 
 0.00000000e+00  2.16452895e-06  5.85819892e-07  3.73382578e-01  1.14493423e+00  1.14493422e+00  2.75036388e-06  2.90215116e-10  2.39197892e-01  2.37720604e-01  2.16746749e-06  5.68030437e-07 
 1.00000000e+00  2.18317329e-06  5.67174558e-07  3.73408656e-01  1.14493287e+00  2.04974496e-07  2.75036289e-06  3.75242977e-10  2.39200266e-01  2.37713902e-01  2.18595438e-06  5.49913512e-07 
 0.00000000e+00  2.21551898e-06  5.34827688e-07  3.73435991e-01  1.14493481e+00  1.14493481e+00  2.75036171e-06  2.53724153e-10  2.39204342e-01  2.37701921e-01  2.21802254e-06  5.18475733e-07 
 1.00000000e+00  2.22564405e-06  5.24701667e-07  3.73461973e-01  1.14493345e+00  2.04977561e-07  2.75036076e-06  3.38757266e-10  2.39205605e-01  2.37698074e-01  2.22805960e-06  5.08632283e-07 
 0.00000000e+00  2.24950059e-06  5.00844003e-07  3.73487553e-01  1.14493398e+00  1.14493397e+00  2.75035963e-06  3.05597325e-10  2.39208569e-01  2.37688821e-01  2.25170663e-06  4.85436452e-07 
 1.00000000e+00  2.26635578e-06  4.83987770e-07  3.73514426e-01  1.14493262e+00  2.04973202e-07  2.75035859e-06  3.90635080e-10  2.39210647e-01  2.37682117e-01  2.26841200e-06  4.69044444e-07 
 0.00000000e+00  2.29717817e-06  4.53164331e-07  3.73539926e-01  1.14493399e+00  1.14493398e+00  2.75035752e-06  3.05261671e-10  2.39214411e-01  2.37669472e-01  2.29895650e-06  4.39062429e-07 
 1.00000000e+00  2.31046717e-06  4.39874180e-07  3.73566992e-01  1.14493262e+00  2.04973227e-07  2.75035642e-06  3.90296965e-10  2.39216019e-01  2.37663859e-01  2.31212418e-06  4.26132047e-07 
 0.00000000e+00  2.33793618e-06  4.12404152e-07  3.73593923e-01  1.14493315e+00  1.14493315e+00  2.75035539e-06  3.57145463e-10  2.39219320e-01  2.37651930e-01  2.33933944e-06  3.99399701e-07 
 1.00000000e+00  2.35822386e-06  3.92115319e-07  3.73622083e-01  1.14493179e+00  2.04968877e-07  2.75035424e-06  4.42151562e-10  2.39221734e-01  2.37642822e-01  2.35943723e-06  3.79650347e-07 
 0.00000000e+00  2.39248951e-06  3.57849232e-07  3.73634883e-01  1.14493510e+00  1.14493509e+00  2.75035378e-06  2.36189329e-10  2.39225775e-01  2.37626814e-01  2.39337714e-06  3.46284830e-07 
 1.00000000e+00  2.40099563e-06  3.49341993e-07  3.73662520e-01  1.14493373e+00  2.04979027e-07  2.75035265e-06  3.21243476e-10  2.39226766e-01  2.37622708e-01  2.40180145e-06  3.37999021e-07 
 0.00000000e+00  2.42409715e-06  3.26239266e-07  3.73690250e-01  1.14493426e+00  1.14493425e+00  2.75035147e-06  2.88078894e-10  2.39229454e-01  2.37611285e-01  2.42467885e-06  3.15493311e-07 
 1.00000000e+00  2.43974249e-06  3.10592780e-07  3.73719070e-01  1.14493290e+00  2.04974671e-07  2.75035032e-06  3.73088227e-10  2.39231257e-01  2.37603307e-01  2.44017087e-06  3.00247470e-07 
 0.00000000e+00  2.47024578e-06  2.80088445e-07  3.73747135e-01  1.14493427e+00  1.14493426e+00  2.75034926e-06  2.87723623e-10  2.39234754e-01  2.37587149e-01  2.47037142e-06  2.70515155e-07 
 1.00000000e+00  2.48205673e-06  2.68276310e-07  3.73776138e-01  1.14493290e+00  2.04974702e-07  2.75034807e-06  3.72740519e-10  2.39236095e-01  2.37580663e-01  2.48206388e-06  2.58998691e-07 
 0.00000000e+00  2.50894675e-06  2.41385060e-07  3.73805658e-01  1.14493344e+00  1.14493343e+00  2.75034687e-06  3.39603269e-10  2.39239128e-01  2.37565380e-01  2.50868136e-06  2.32773498e-07 
 1.00000000e+00  2.52817924e-06  2.22151368e-07  3.73836202e-01  1.14493207e+00  2.04970350e-07  2.75034566e-06  4.24622087e-10  2.39241282e-01  2.37553982e-01  2.52771661e-06  2.14009880e-07 
 0.00000000e+00  2.56304171e-06  1.87287571e-07  3.73869415e-01  1.14493402e+00  1.14493401e+00  2.75034431e-06  3.03123294e-10  2.39245150e-01  2.37532206e-01  2.56221656e-06  1.79984362e-07 
 1.00000000e+00  2.57258455e-06  1.77743565e-07  3.73899486e-01  1.14493266e+00  2.04973417e-07  2.75034314e-06  3.88136495e-10  2.39246198e-01  2.37525976e-01  2.57165907e-06  1.70666610e-07 
 0.00000000e+00  2.59776935e-06  1.52557439e-07  3.73930575e-01  1.14493319e+00  1.14493318e+00  2.75034183e-06  3.54975270e-10  2.39248955e-01  2.37508921e-01  2.59657675e-06  1.46070509e-07 
 1.00000000e+00  2.61497174e-06  1.35353721e-07  3.73962482e-01  1.14493183e+00  2.04969057e-07  2.75034053e-06  4.40010695e-10  2.39250825e-01  2.37496720e-01  2.61359479e-06  1.29263833e-07 
 0.00000000e+00  2.64822684e-06  1.02097373e-07  3.73994774e-01  1.14493320e+00  1.14493319e+00  2.75033926e-06  3.54656748e-10  2.39254406e-01  2.37471726e-01  2.64648915e-06  9.67603508e-08 
 1.00000000e+00  2.66131451e-06  8.90084283e-08  3.74026976e-01  1.14493183e+00  2.04969089e-07  2.75033799e-06  4.39669936e-10  2.39255808e-01  2.37461325e-01  2.65943316e-06  8.39621901e-08 
 0.00000000e+00  2.69080509e-06  5.95164225e-08  3.74061074e-01  1.14493236e+00  1.14493235e+00  2.75033656e-06  4.06529178e-10  2.39258934e-01  2.37436566e-01  2.68859698e-06  5.51133521e-08 
 1.00000000e+00  2.71201155e-06  3.83085936e-08  3.74095886e-01  1.14493100e+00  2.04964736e-07  2.75033521e-06  4.91521490e-10  2.39261167e-01  2.37417496e-01  2.70956561e-06  3.43571216e-08 
