 net1            i(VloutI)       i(VldumpI)      v(Vin)          v(Vgate)        v(d0)           i(vini)         i(vgatei)       v(vloutv)       v(vldumpv)      i(vout)         i(vdump)       
 0.00000000e+00 -1.69740447e-12  2.52149567e-06  3.55193729e-01  1.14303861e+00  1.14303860e+00  2.52150883e-06  6.77857770e-12  2.37713428e-01  2.36738016e-01 -1.47390846e-08  2.48281990e-06 
 1.00000000e+00  1.06140643e-08  2.51087953e-06  3.55206126e-01  1.14303791e+00  1.16550623e-07  2.52150847e-06  4.97450969e-11  2.37725548e-01  2.36736821e-01 -4.49026594e-09  2.47246028e-06 
 0.00000000e+00  3.00134995e-08  2.49147969e-06  3.55216354e-01  1.14303851e+00  1.14303851e+00  2.52150807e-06  1.25943700e-11  2.37746583e-01  2.36734616e-01  1.42328247e-08  2.45352772e-06 
 1.00000000e+00  4.48078533e-08  2.47668479e-06  3.55228890e-01  1.14303781e+00  1.16550312e-07  2.52150751e-06  5.55537838e-11  2.37761747e-01  2.36732929e-01  2.85066513e-08  2.43908774e-06 
 0.00000000e+00  6.89243712e-08  2.45256791e-06  3.55240017e-01  1.14303782e+00  1.14303781e+00  2.52150716e-06  5.52277321e-11  2.37785030e-01  2.36730160e-01  5.17662091e-08  2.41554687e-06 
 1.00000000e+00  8.11502382e-08  2.44034159e-06  3.55253853e-01  1.14303712e+00  1.16548072e-07  2.52150669e-06  9.81863479e-11  2.37796216e-01  2.36728745e-01  6.35538484e-08  2.40361136e-06 
 0.00000000e+00  1.02901085e-07  2.41859020e-06  3.55265772e-01  1.14303772e+00  1.14303772e+00  2.52150615e-06  6.10478696e-11  2.37815203e-01  2.36726213e-01  8.45190371e-08  2.38237536e-06 
 1.00000000e+00  1.19811939e-07  2.40167886e-06  3.55279750e-01  1.14303702e+00  1.16547765e-07  2.52150568e-06  1.04004600e-10  2.37829218e-01  2.36724231e-01  1.00814068e-07  2.36586294e-06 
 0.00000000e+00  1.46772870e-07  2.37471741e-06  3.55293853e-01  1.14303736e+00  1.14303735e+00  2.52150514e-06  8.34106118e-11  2.37850372e-01  2.36721045e-01  1.26784444e-07  2.33953424e-06 
 1.00000000e+00  1.57257848e-07  2.36423180e-06  3.55309335e-01  1.14303666e+00  1.16546584e-07  2.52150454e-06  1.26383928e-10  2.37858232e-01  2.36719797e-01  1.36881432e-07  2.32929367e-06 
 0.00000000e+00  1.77905454e-07  2.34358375e-06  3.55323033e-01  1.14303726e+00  1.14303726e+00  2.52150407e-06  8.92266964e-11  2.37873166e-01  2.36717325e-01  1.56760700e-07  2.30912634e-06 
 1.00000000e+00  1.93368114e-07  2.32812051e-06  3.55338571e-01  1.14303657e+00  1.16546281e-07  2.52150351e-06  1.32214240e-10  2.37883911e-01  2.36715460e-01  1.71644311e-07  2.29402160e-06 
 0.00000000e+00  2.19434691e-07  2.30205345e-06  3.55352998e-01  1.14303657e+00  1.14303656e+00  2.52150300e-06  1.31855415e-10  2.37901239e-01  2.36712295e-01  1.96728033e-07  2.26855590e-06 
 1.00000000e+00  2.32134525e-07  2.28935294e-06  3.55369393e-01  1.14303587e+00  1.16544037e-07  2.52150236e-06  1.74835254e-10  2.37909349e-01  2.36710739e-01  2.08946096e-07  2.25614708e-06 
 0.00000000e+00  2.55585620e-07  2.26590133e-06  3.55384162e-01  1.14303648e+00  1.14303647e+00  2.52150184e-06  1.37669289e-10  2.37923800e-01  2.36707850e-01  2.31502675e-07  2.23323169e-06 
 1.00000000e+00  2.73649823e-07  2.24783654e-06  3.55400659e-01  1.14303578e+00  1.16543733e-07  2.52150124e-06  1.80623516e-10  2.37934501e-01  2.36705607e-01  2.48873704e-07  2.21557792e-06 
 0.00000000e+00  3.03268937e-07  2.21821709e-06  3.55408976e-01  1.14303760e+00  1.14303759e+00  2.52150089e-06  6.87769841e-11  2.37951300e-01  2.36701891e-01  2.77348741e-07  2.18662845e-06 
 1.00000000e+00  3.12131607e-07  2.20935378e-06  3.55426692e-01  1.14303690e+00  1.16547356e-07  2.52150025e-06  1.11769264e-10  2.37956161e-01  2.36700772e-01  2.85867305e-07  2.17796470e-06 
 0.00000000e+00  3.32248829e-07  2.18923592e-06  3.55442833e-01  1.14303750e+00  1.14303750e+00  2.52149963e-06  7.46097734e-11  2.37966918e-01  2.36698214e-01  3.05200583e-07  2.15829819e-06 
 1.00000000e+00  3.46648467e-07  2.17483565e-06  3.55460576e-01  1.14303680e+00  1.16547050e-07  2.52149900e-06  1.17579353e-10  2.37974403e-01  2.36696372e-01  3.19036698e-07  2.14421962e-06 
 0.00000000e+00  3.72627668e-07  2.14885582e-06  3.55477401e-01  1.14303681e+00  1.14303680e+00  2.52149836e-06  1.17250210e-10  2.37987466e-01  2.36693021e-01  3.43994399e-07  2.11881728e-06 
 1.00000000e+00  3.84017665e-07  2.13746513e-06  3.55495762e-01  1.14303611e+00  1.16544806e-07  2.52149767e-06  1.60209623e-10  2.37993030e-01  2.36691540e-01  3.54934585e-07  2.10767863e-06 
 0.00000000e+00  4.07086487e-07  2.11439574e-06  3.55512691e-01  1.14303671e+00  1.14303671e+00  2.52149710e-06  1.23058896e-10  2.38004003e-01  2.36688520e-01  3.77088915e-07  2.08511746e-06 
 1.00000000e+00  4.24292488e-07  2.09718896e-06  3.55531136e-01  1.14303601e+00  1.16544499e-07  2.52149633e-06  1.66000030e-10  2.38011944e-01  2.36686249e-01  3.93609845e-07  2.06828783e-06 
 0.00000000e+00  4.53567548e-07  2.06791323e-06  3.55550165e-01  1.14303635e+00  1.14303634e+00  2.52149565e-06  1.45430334e-10  2.38025018e-01  2.36682346e-01  4.21713734e-07  2.03965003e-06 
 1.00000000e+00  4.63178493e-07  2.05830157e-06  3.55569418e-01  1.14303565e+00  1.16543323e-07  2.52149495e-06  1.88386196e-10  2.38029189e-01  2.36681054e-01  4.30938684e-07  2.03024676e-06 
 0.00000000e+00  4.84897566e-07  2.03658185e-06  3.55587302e-01  1.14303626e+00  1.14303625e+00  2.52149429e-06  1.51231916e-10  2.38038429e-01  2.36678117e-01  4.51782785e-07  2.00899605e-06 
 1.00000000e+00  5.00513100e-07  2.02096566e-06  3.55606636e-01  1.14303556e+00  1.16543020e-07  2.52149363e-06  1.94198724e-10  2.38044908e-01  2.36675984e-01  4.66767039e-07  1.99371550e-06 
 0.00000000e+00  5.28568554e-07  1.99290946e-06  3.55625221e-01  1.14303556e+00  1.14303555e+00  2.52149291e-06  1.93883732e-10  2.38056220e-01  2.36672120e-01  4.93683723e-07  1.96625888e-06 
 1.00000000e+00  5.41017438e-07  1.98045986e-06  3.55645064e-01  1.14303486e+00  1.16540775e-07  2.52149218e-06  2.36834552e-10  2.38061115e-01  2.36670390e-01  5.05625502e-07  1.95407387e-06 
 0.00000000e+00  5.65994726e-07  1.95548184e-06  3.55663614e-01  1.14303547e+00  1.14303546e+00  2.52149145e-06  1.99666061e-10  2.38070707e-01  2.36666893e-01  5.29582051e-07  1.92962415e-06 
 1.00000000e+00  5.84722019e-07  1.93675380e-06  3.55683579e-01  1.14303477e+00  1.16540466e-07  2.52149071e-06  2.42655809e-10  2.38077711e-01  2.36664243e-01  5.47541221e-07  1.91128990e-06 
 0.00000000e+00  6.17336890e-07  1.90413797e-06  3.55712287e-01  1.14303805e+00  1.14303805e+00  2.52148972e-06  4.08485838e-11  2.38089555e-01  2.36659576e-01  5.78812726e-07  1.87935521e-06 
 1.00000000e+00  6.24329136e-07  1.89714489e-06  3.55733022e-01  1.14303735e+00  1.16548827e-07  2.52148890e-06  8.38298320e-11  2.38092033e-01  2.36658567e-01  5.85516128e-07  1.87250738e-06 
 0.00000000e+00  6.44235719e-07  1.87723753e-06  3.55752498e-01  1.14303796e+00  1.14303795e+00  2.52148813e-06  4.66779313e-11  2.38098992e-01  2.36655674e-01  6.04598512e-07  1.85301201e-06 
 1.00000000e+00  6.57619658e-07  1.86385284e-06  3.55773320e-01  1.14303726e+00  1.16548520e-07  2.52148739e-06  8.96231236e-11  2.38103588e-01  2.36653715e-01  6.17426911e-07  1.83990306e-06 
 0.00000000e+00  6.84151855e-07  1.83731992e-06  3.55793525e-01  1.14303726e+00  1.14303726e+00  2.52148666e-06  8.92974583e-11  2.38112499e-01  2.36649795e-01  6.42854626e-07  1.81391368e-06 
 1.00000000e+00  6.94153210e-07  1.82731772e-06  3.55814740e-01  1.14303656e+00  1.16546274e-07  2.52148581e-06  1.32269480e-10  2.38115791e-01  2.36648304e-01  6.52438603e-07  1.80411535e-06 
 0.00000000e+00  7.17360328e-07  1.80410990e-06  3.55834807e-01  1.14303717e+00  1.14303716e+00  2.52148512e-06  9.51239087e-11  2.38123304e-01  2.36644817e-01  6.74674840e-07  1.78137839e-06 
 1.00000000e+00  7.33943661e-07  1.78752577e-06  3.55856175e-01  1.14303647e+00  1.16545971e-07  2.52148433e-06  1.38062228e-10  2.38128568e-01  2.36642300e-01  6.90562505e-07  1.76512877e-06 
 0.00000000e+00  7.64024822e-07  1.75744382e-06  3.55878390e-01  1.14303681e+00  1.14303680e+00  2.52148351e-06  1.17475775e-10  2.38137893e-01  2.36637686e-01  7.19377791e-07  1.73564964e-06 
 1.00000000e+00  7.72108630e-07  1.74935915e-06  3.55900251e-01  1.14303610e+00  1.16544792e-07  2.52148266e-06  1.60452297e-10  2.38140355e-01  2.36636435e-01  7.27120568e-07  1.72772610e-06 
 0.00000000e+00  7.93728100e-07  1.72773893e-06  3.55921014e-01  1.14303671e+00  1.14303670e+00  2.52148191e-06  1.23284192e-10  2.38146838e-01  2.36633064e-01  7.47826221e-07  1.70653482e-06 
 1.00000000e+00  8.08538808e-07  1.71292737e-06  3.55943029e-01  1.14303601e+00  1.16544486e-07  2.52148107e-06  1.66249237e-10  2.38151202e-01  2.36630734e-01  7.62009496e-07  1.69201561e-06 
 0.00000000e+00  8.37150919e-07  1.68431454e-06  3.55964581e-01  1.14303602e+00  1.14303601e+00  2.52148035e-06  1.65929492e-10  2.38159472e-01  2.36626180e-01  7.89406126e-07  1.66396386e-06 
 1.00000000e+00  8.48455006e-07  1.67300961e-06  3.55986948e-01  1.14303532e+00  1.16542245e-07  2.52147951e-06  2.08874695e-10  2.38162679e-01  2.36624364e-01  8.00228859e-07  1.65287929e-06 
 0.00000000e+00  8.73619996e-07  1.64784380e-06  3.56008285e-01  1.14303592e+00  1.14303591e+00  2.52147869e-06  1.71728746e-10  2.38169701e-01  2.36620281e-01  8.24319972e-07  1.62820131e-06 
 1.00000000e+00  8.91862855e-07  1.62960007e-06  3.56030856e-01  1.14303522e+00  1.16541936e-07  2.52147783e-06  2.14710759e-10  2.38174694e-01  2.36617286e-01  8.41782363e-07  1.61030891e-06 
 0.00000000e+00  9.24557154e-07  1.59690528e-06  3.56045855e-01  1.14303704e+00  1.14303704e+00  2.52147729e-06  1.02872377e-10  2.38183452e-01  2.36611849e-01  8.73073821e-07  1.57823875e-06 
 1.00000000e+00  9.31223437e-07  1.59023814e-06  3.56068838e-01  1.14303634e+00  1.16545562e-07  2.52147646e-06  1.45829170e-10  2.38185208e-01  2.36610732e-01  8.79453435e-07  1.57169820e-06 
 0.00000000e+00  9.52084714e-07  1.56937602e-06  3.56090809e-01  1.14303695e+00  1.14303694e+00  2.52147562e-06  1.08683416e-10  2.38190637e-01  2.36607198e-01  8.99416294e-07  1.55123049e-06 
 1.00000000e+00  9.65802775e-07  1.55565714e-06  3.56113982e-01  1.14303625e+00  1.16545257e-07  2.52147479e-06  1.51651136e-10  2.38194166e-01  2.36604856e-01  9.12542449e-07  1.53776955e-06 
 0.00000000e+00  9.93942935e-07  1.52751613e-06  3.56136781e-01  1.14303625e+00  1.14303625e+00  2.52147394e-06  1.51310076e-10  2.38201265e-01  2.36599989e-01  9.39465703e-07  1.51015411e-06 
 1.00000000e+00  1.00398623e-06  1.51747199e-06  3.56160242e-01  1.14303556e+00  1.16543015e-07  2.52147310e-06  1.94267952e-10  2.38203760e-01  2.36598236e-01  9.49073828e-07  1.50029635e-06 
 0.00000000e+00  1.02849872e-06  1.49295865e-06  3.56182789e-01  1.14303616e+00  1.14303615e+00  2.52147225e-06  1.57136526e-10  2.38209774e-01  2.36593911e-01  9.72522288e-07  1.47623540e-06 
 1.00000000e+00  1.04577217e-06  1.47568431e-06  3.56206500e-01  1.14303546e+00  1.16542709e-07  2.52147138e-06  2.00081268e-10  2.38213942e-01  2.36590828e-01  9.89044281e-07  1.45927761e-06 
 0.00000000e+00  1.07783936e-06  1.44361617e-06  3.56231336e-01  1.14303579e+00  1.14303579e+00  2.52147039e-06  1.79475990e-10  2.38221533e-01  2.36585025e-01  1.01971314e-06  1.42779224e-06 
 1.00000000e+00  1.08585114e-06  1.43560356e-06  3.56255357e-01  1.14303510e+00  1.16541532e-07  2.52146959e-06  2.22458647e-10  2.38223402e-01  2.36583559e-01  1.02737487e-06  1.41992422e-06 
 0.00000000e+00  1.10865419e-06  1.41279960e-06  3.56278500e-01  1.14303570e+00  1.14303569e+00  2.52146869e-06  1.85299503e-10  2.38228664e-01  2.36579344e-01  1.04918001e-06  1.39752969e-06 
 1.00000000e+00  1.12403551e-06  1.39741743e-06  3.56302776e-01  1.14303500e+00  1.16541227e-07  2.52146783e-06  2.28257180e-10  2.38232160e-01  2.36576470e-01  1.06388707e-06  1.38242180e-06 
 0.00000000e+00  1.15447885e-06  1.36697313e-06  3.56326804e-01  1.14303501e+00  1.14303500e+00  2.52146685e-06  2.27927899e-10  2.38238970e-01  2.36570698e-01  1.09299292e-06  1.35251601e-06 
 1.00000000e+00  1.16605866e-06  1.35539242e-06  3.56351357e-01  1.14303431e+00  1.16538982e-07  2.52146600e-06  2.70878139e-10  2.38241525e-01  2.36568477e-01  1.10406299e-06  1.34113863e-06 
 0.00000000e+00  1.19275547e-06  1.32869474e-06  3.56375092e-01  1.14303491e+00  1.14303490e+00  2.52146512e-06  2.33750796e-10  2.38247329e-01  2.36563294e-01  1.12958254e-06  1.31490632e-06 
 1.00000000e+00  1.21191692e-06  1.30953239e-06  3.56399948e-01  1.14303421e+00  1.16538676e-07  2.52146422e-06  2.76695999e-10  2.38251430e-01  2.36559520e-01  1.14789728e-06  1.29607520e-06 
 0.00000000e+00  1.25171152e-06  1.26974062e-06  3.56323882e-01  1.14303786e+00  1.14303785e+00  2.52146701e-06  5.27462245e-11  2.38259783e-01  2.36551533e-01  1.18592881e-06  1.25696354e-06 
 1.00000000e+00  1.25609462e-06  1.26535660e-06  3.56348933e-01  1.14303716e+00  1.16548204e-07  2.52146611e-06  9.57101065e-11  2.38260692e-01  2.36550638e-01  1.19011736e-06  1.25265384e-06 
 0.00000000e+00  1.27594136e-06  1.24550894e-06  3.56373187e-01  1.14303776e+00  1.14303776e+00  2.52146517e-06  5.85522741e-11  2.38264764e-01  2.36546565e-01  1.20908214e-06  1.23314097e-06 
 1.00000000e+00  1.28800782e-06  1.23344161e-06  3.56398510e-01  1.14303707e+00  1.16547899e-07  2.52146432e-06  1.01516924e-10  2.38267213e-01  2.36544064e-01  1.22061172e-06  1.22127589e-06 
 0.00000000e+00  1.31571964e-06  1.20572879e-06  3.56423699e-01  1.14303707e+00  1.14303706e+00  2.52146329e-06  1.01185744e-10  2.38272771e-01  2.36538239e-01  1.24708830e-06  1.19402390e-06 
 1.00000000e+00  1.32379217e-06  1.19765531e-06  3.56449234e-01  1.14303637e+00  1.16545651e-07  2.52146235e-06  1.44140699e-10  2.38274370e-01  2.36536523e-01  1.25480051e-06  1.18608368e-06 
 0.00000000e+00  1.34754527e-06  1.17390131e-06  3.56474101e-01  1.14303698e+00  1.14303697e+00  2.52146146e-06  1.07008482e-10  2.38279034e-01  2.36531417e-01  1.27749185e-06  1.16271920e-06 
 1.00000000e+00  1.36344020e-06  1.15800539e-06  3.56499992e-01  1.14303628e+00  1.16545346e-07  2.52146049e-06  1.49967813e-10  2.38282114e-01  2.36527948e-01  1.29267512e-06  1.14708189e-06 
 0.00000000e+00  1.39526435e-06  1.12618026e-06  3.56527238e-01  1.14303661e+00  1.14303660e+00  2.52145949e-06  1.29367554e-10  2.38288197e-01  2.36520896e-01  1.32307158e-06  1.11576908e-06 
 1.00000000e+00  1.40113643e-06  1.12030717e-06  3.56553259e-01  1.14303591e+00  1.16544167e-07  2.52145849e-06  1.72324377e-10  2.38289304e-01  2.36519576e-01  1.32867990e-06  1.10998976e-06 
 0.00000000e+00  1.42297282e-06  1.09846985e-06  3.56578678e-01  1.14303652e+00  1.14303651e+00  2.52145756e-06  1.35184308e-10  2.38293393e-01  2.36514617e-01  1.34953414e-06  1.08849903e-06 
 1.00000000e+00  1.43679127e-06  1.08465043e-06  3.56605089e-01  1.14303582e+00  1.16543863e-07  2.52145659e-06  1.78137546e-10  2.38295953e-01  2.36511441e-01  1.36273013e-06  1.07489718e-06 
 0.00000000e+00  1.46680842e-06  1.05463230e-06  3.56631563e-01  1.14303582e+00  1.14303582e+00  2.52145561e-06  1.77809517e-10  2.38301450e-01  2.36504425e-01  1.39139290e-06  1.04534695e-06 
 1.00000000e+00  1.47651928e-06  1.04492046e-06  3.56658172e-01  1.14303512e+00  1.16541619e-07  2.52145464e-06  2.20786944e-10  2.38303207e-01  2.36502123e-01  1.40066492e-06  1.03578507e-06 
 0.00000000e+00  1.50247683e-06  1.01896190e-06  3.56684271e-01  1.14303573e+00  1.14303572e+00  2.52145363e-06  1.83618978e-10  2.38307855e-01  2.36495880e-01  1.42544782e-06  1.01022405e-06 
 1.00000000e+00  1.52031603e-06  1.00112172e-06  3.56711345e-01  1.14303503e+00  1.16541312e-07  2.52145263e-06  2.26590260e-10  2.38311012e-01  2.36491513e-01  1.44247836e-06  9.92654247e-07 
 0.00000000e+00  1.55499946e-06  9.66437536e-07  3.56731491e-01  1.14303685e+00  1.14303684e+00  2.52145188e-06  1.14763861e-10  2.38317056e-01  2.36482853e-01  1.47558650e-06  9.58488814e-07 
 1.00000000e+00  1.55932370e-06  9.62112350e-07  3.56758513e-01  1.14303615e+00  1.16544938e-07  2.52145093e-06  1.57715868e-10  2.38317803e-01  2.36481756e-01  1.47971402e-06  9.54227696e-07 
 0.00000000e+00  1.58021836e-06  9.41216680e-07  3.56785084e-01  1.14303675e+00  1.14303675e+00  2.52144993e-06  1.20568444e-10  2.38321385e-01  2.36476401e-01  1.49965731e-06  9.33639457e-07 
 1.00000000e+00  1.59278397e-06  9.28650069e-07  3.56812564e-01  1.14303606e+00  1.16544632e-07  2.52144893e-06  1.63544567e-10  2.38323519e-01  2.36473136e-01  1.51165011e-06  9.21256104e-07 
 0.00000000e+00  1.62212920e-06  8.99303790e-07  3.56840275e-01  1.14303606e+00  1.14303605e+00  2.52144786e-06  1.63210164e-10  2.38328439e-01  2.36465373e-01  1.53965556e-06  8.92333020e-07 
 1.00000000e+00  1.63042464e-06  8.91007283e-07  3.56867906e-01  1.14303536e+00  1.16542386e-07  2.52144681e-06  2.06158549e-10  2.38329818e-01  2.36463144e-01  1.54757168e-06  8.84154931e-07 
 0.00000000e+00  1.65554395e-06  8.65886982e-07  3.56895227e-01  1.14303597e+00  1.14303596e+00  2.52144581e-06  1.69005129e-10  2.38333955e-01  2.36456294e-01  1.57154111e-06  8.59389852e-07 
 1.00000000e+00  1.67224206e-06  8.49187811e-07  3.56923440e-01  1.14303527e+00  1.16542081e-07  2.52144478e-06  2.11976877e-10  2.38336682e-01  2.36451657e-01  1.58747362e-06  8.42923974e-07 
 0.00000000e+00  1.70609143e-06  8.15337396e-07  3.56953430e-01  1.14303560e+00  1.14303559e+00  2.52144371e-06  1.91391791e-10  2.38342125e-01  2.36442038e-01  1.61976830e-06  8.09539426e-07 
 1.00000000e+00  1.71203921e-06  8.09388510e-07  3.56981564e-01  1.14303490e+00  1.16540903e-07  2.52144260e-06  2.34329889e-10  2.38343069e-01  2.36440318e-01  1.62544252e-06  8.03671403e-07 
 0.00000000e+00  1.73514378e-06  7.86282926e-07  3.57009488e-01  1.14303551e+00  1.14303550e+00  2.52144160e-06  1.97180295e-10  2.38346722e-01  2.36433542e-01  1.64748326e-06  7.80877146e-07 
 1.00000000e+00  1.74963825e-06  7.71787388e-07  3.57038238e-01  1.14303481e+00  1.16540598e-07  2.52144054e-06  2.40164135e-10  2.38348990e-01  2.36429214e-01  1.66130945e-06  7.66574626e-07 
 0.00000000e+00  1.78156821e-06  7.39856398e-07  3.57067477e-01  1.14303481e+00  1.14303481e+00  2.52143949e-06  2.39840980e-10  2.38353937e-01  2.36419464e-01  1.69176483e-06  7.35062406e-07 
 1.00000000e+00  1.79165430e-06  7.29769183e-07  3.57096366e-01  1.14303411e+00  1.16538355e-07  2.52143838e-06  2.82771258e-10  2.38355479e-01  2.36416320e-01  1.70138447e-06  7.25105604e-07 
 0.00000000e+00  1.81924284e-06  7.02179647e-07  3.57125185e-01  1.14303472e+00  1.14303471e+00  2.52143738e-06  2.45617079e-10  2.38359670e-01  2.36407555e-01  1.72769536e-06  6.97868106e-07 
 1.00000000e+00  1.83809747e-06  6.83323848e-07  3.57154808e-01  1.14303402e+00  1.16538049e-07  2.52143622e-06  2.88580923e-10  2.38362503e-01  2.36401421e-01  1.74567542e-06  6.79248867e-07 
 0.00000000e+00  1.87592734e-06  6.45492456e-07  3.57195272e-01  1.14303730e+00  1.14303730e+00  2.52143468e-06  8.68354277e-11  2.38368111e-01  2.36388736e-01  1.78174706e-06  6.41882174e-07 
 1.00000000e+00  1.87853774e-06  6.42881013e-07  3.57224507e-01  1.14303660e+00  1.16546409e-07  2.52143363e-06  1.29761313e-10  2.38368497e-01  2.36387843e-01  1.78423596e-06  6.39302316e-07 
 0.00000000e+00  1.89904115e-06  6.22376574e-07  3.57253739e-01  1.14303721e+00  1.14303720e+00  2.52143261e-06  9.26396945e-11  2.38371487e-01  2.36380726e-01  1.80378441e-06  6.19043528e-07 
 1.00000000e+00  1.91054427e-06  6.10872301e-07  3.57283680e-01  1.14303651e+00  1.16546102e-07  2.52143146e-06  1.35597374e-10  2.38373156e-01  2.36376660e-01  1.81475117e-06  6.07675307e-07 
 0.00000000e+00  1.94015009e-06  5.81265290e-07  3.57314392e-01  1.14303651e+00  1.14303651e+00  2.52143028e-06  1.35255362e-10  2.38377408e-01  2.36365951e-01  1.84297456e-06  5.78412299e-07 
 1.00000000e+00  1.94703042e-06  5.74383863e-07  3.57344410e-01  1.14303582e+00  1.16543858e-07  2.52142918e-06  1.78221292e-10  2.38378388e-01  2.36363406e-01  1.84953320e-06  5.71609517e-07 
 0.00000000e+00  1.97206816e-06  5.49345016e-07  3.57374678e-01  1.14303642e+00  1.14303641e+00  2.52142808e-06  1.41092471e-10  2.38381927e-01  2.36353982e-01  1.87339915e-06  5.46852814e-07 
 1.00000000e+00  1.98800475e-06  5.33407279e-07  3.57405600e-01  1.14303572e+00  1.16543552e-07  2.52142691e-06  1.84028723e-10  2.38384161e-01  2.36347825e-01  1.88858878e-06  5.31091265e-07 
 0.00000000e+00  2.02244376e-06  4.98967074e-07  3.57438939e-01  1.14303606e+00  1.14303605e+00  2.52142571e-06  1.63454306e-10  2.38388934e-01  2.36334100e-01  1.92141101e-06  4.97022423e-07 
 1.00000000e+00  2.02674919e-06  4.94660470e-07  3.57469503e-01  1.14303536e+00  1.16542376e-07  2.52142456e-06  2.06398454e-10  2.38389527e-01  2.36332342e-01  1.92551405e-06  4.92761325e-07 
 0.00000000e+00  2.04958757e-06  4.71821014e-07  3.57500515e-01  1.14303596e+00  1.14303596e+00  2.52142348e-06  1.69272596e-10  2.38392649e-01  2.36322846e-01  1.94727787e-06  4.70159778e-07 
 1.00000000e+00  2.06311192e-06  4.58295395e-07  3.57532063e-01  1.14303526e+00  1.16542069e-07  2.52142224e-06  2.12219374e-10  2.38394480e-01  2.36317081e-01  1.96016513e-06  4.56772231e-07 
 0.00000000e+00  2.09547292e-06  4.25933198e-07  3.57564889e-01  1.14303527e+00  1.14303526e+00  2.52142104e-06  2.11880291e-10  2.38398830e-01  2.36302845e-01  1.99099930e-06  4.24731681e-07 
 1.00000000e+00  2.10420925e-06  4.17195698e-07  3.57596504e-01  1.14303457e+00  1.16539825e-07  2.52141984e-06  2.54836152e-10  2.38399990e-01  2.36298889e-01  1.99932289e-06  4.16078841e-07 
 0.00000000e+00  2.13187547e-06  3.89528253e-07  3.57628872e-01  1.14303517e+00  1.14303517e+00  2.52141864e-06  2.17701290e-10  2.38403647e-01  2.36286021e-01  2.02568047e-06  3.88673298e-07 
 1.00000000e+00  2.15007988e-06  3.71322653e-07  3.57661732e-01  1.14303447e+00  1.16539521e-07  2.52141745e-06  2.60659050e-10  2.38406027e-01  2.36277258e-01  2.04302249e-06  3.70634691e-07 
 0.00000000e+00  2.18790844e-06  3.33493091e-07  3.57689057e-01  1.14303629e+00  1.14303629e+00  2.52141642e-06  1.48825762e-10  2.38410919e-01  2.36258227e-01  2.07905573e-06  3.33138273e-07 
 1.00000000e+00  2.19028383e-06  3.31116455e-07  3.57720993e-01  1.14303559e+00  1.16543142e-07  2.52141518e-06  1.91800353e-10  2.38411225e-01  2.36256992e-01  2.08131823e-06  3.30781914e-07 
 0.00000000e+00  2.21208071e-06  3.09318444e-07  3.57753944e-01  1.14303620e+00  1.14303619e+00  2.52141406e-06  1.54643149e-10  2.38414012e-01  2.36245434e-01  2.10207839e-06  3.09166225e-07 
 1.00000000e+00  2.22409931e-06  2.97298564e-07  3.57787183e-01  1.14303550e+00  1.16542838e-07  2.52141277e-06  1.97601935e-10  2.38415533e-01  2.36238873e-01  2.11352478e-06  2.97244030e-07 
 0.00000000e+00  2.25583777e-06  2.65558776e-07  3.57822390e-01  1.14303551e+00  1.14303550e+00  2.52141144e-06  1.97262401e-10  2.38419525e-01  2.36220869e-01  2.14374986e-06  2.65751840e-07 
 1.00000000e+00  2.26280473e-06  2.58590617e-07  3.57855622e-01  1.14303481e+00  1.16540595e-07  2.52141024e-06  2.40234499e-10  2.38420396e-01  2.36216775e-01  2.15038419e-06  2.58835994e-07 
 0.00000000e+00  2.28959907e-06  2.31794991e-07  3.57890372e-01  1.14303541e+00  1.14303540e+00  2.52140896e-06  2.03083772e-10  2.38423715e-01  2.36200515e-01  2.17589793e-06  2.32234489e-07 
 1.00000000e+00  2.30645485e-06  2.14937921e-07  3.57925331e-01  1.14303471e+00  1.16540291e-07  2.52140770e-06  2.46023535e-10  2.38425790e-01  2.36189842e-01  2.19194692e-06  2.15493568e-07 
 0.00000000e+00  2.34370191e-06  1.77689424e-07  3.57964333e-01  1.14303505e+00  1.14303504e+00  2.52140621e-06  2.25458763e-10  2.38430322e-01  2.36164892e-01  2.22740809e-06  1.78484653e-07 
 1.00000000e+00  2.34776033e-06  1.73629713e-07  3.57998330e-01  1.14303435e+00  1.16539110e-07  2.52140491e-06  2.68414624e-10  2.38430813e-01  2.36162050e-01  2.23127163e-06  1.74449568e-07 
 0.00000000e+00  2.37224335e-06  1.49145361e-07  3.58034422e-01  1.14303495e+00  1.14303494e+00  2.52140361e-06  2.31256791e-10  2.38433751e-01  2.36144353e-01  2.25457813e-06  1.50107340e-07 
 1.00000000e+00  2.38644569e-06  1.34941693e-07  3.58070457e-01  1.14303425e+00  1.16538806e-07  2.52140227e-06  2.74227970e-10  2.38435447e-01  2.36133613e-01  2.26809707e-06  1.35980942e-07 
 0.00000000e+00  2.42156569e-06  9.98202233e-08  3.58109835e-01  1.14303426e+00  1.14303425e+00  2.52140083e-06  2.73884328e-10  2.38439595e-01  2.36105386e-01  2.30152449e-06  1.01033176e-07 
 1.00000000e+00  2.43042936e-06  9.09551769e-08  3.58145855e-01  1.14303356e+00  1.16536561e-07  2.52139944e-06  3.16831006e-10  2.38440632e-01  2.36097848e-01  2.30996039e-06  9.22078858e-08 
 0.00000000e+00  2.46043185e-06  6.09512222e-08  3.58185001e-01  1.14303416e+00  1.14303416e+00  2.52139799e-06  2.79692262e-10  2.38444122e-01  2.36070923e-01  2.33851306e-06  6.23256060e-08 
 1.00000000e+00  2.47988178e-06  4.14998921e-08  3.58223922e-01  1.14303346e+00  1.16536257e-07  2.52139659e-06  3.22664562e-10  2.38446364e-01  2.36052175e-01  2.35702157e-06  4.29419238e-08 
